153486.85

0 0 585.98 14649.38 200 1.69 7.32 9.01 148 0 156 16 324 2 49 6 179 9 231 1 137 6 136 7 194 4 72 16 169 0 266 23 128 6 113 1 117 2 107 6 181 1 116 8 177 11 39 3 0 5 304 4 68 14 149 1 102 0 299 1 144 5 89 10 202 2 239 2 216 16 6 12 
0 0 3.63 90.80 3 0.01 0.05 0.06 53 3 
0 1 221.42 2214.21 50 0.62 2.01 2.63 15 0 58 1 57 11 256 5 319 1 222 2 120 0 28 1 36 3 322 4 221 7 202 3 60 1 271 1 289 10 
0 1 319.28 3192.82 50 0.46 2.90 3.36 208 2 217 2 279 16 316 2 220 6 288 0 323 2 38 14 160 0 296 3 249 3 
0 1 266.10 2660.96 50 0.37 2.42 2.79 35 3 275 1 167 5 139 11 34 13 228 9 323 2 324 0 120 6 
0 1 318.52 3185.17 50 0.36 2.90 3.26 221 5 259 1 104 14 235 1 207 3 178 9 263 6 191 9 322 2 
0 1 217.03 2170.35 50 0.54 1.97 2.51 16 1 31 8 147 2 187 20 43 0 319 0 52 2 89 2 250 15 
0 2 88.74 443.68 25 0.29 1.97 2.26 165 1 214 16 250 2 277 2 283 1 213 3 
0 2 250.69 1253.43 25 0.27 5.57 5.84 62 4 214 2 102 1 159 13 156 0 322 5 
0 2 125.15 625.75 25 0.29 2.78 3.07 54 1 202 2 250 1 65 3 278 1 237 15 234 2 
1 0 199.79 4994.87 200 0.96 2.50 3.46 61 11 81 1 103 1 85 14 271 2 65 1 84 2 143 1 232 22 23 2 20 3 71 8 294 22 260 22 79 11 134 22 272 25 97 18 299 4 98 8 
1 0 599.99 14999.86 200 1.20 7.50 8.70 71 1 80 5 180 8 259 8 314 14 94 9 268 12 153 3 39 6 175 2 154 3 63 7 273 4 64 5 17 2 311 0 100 1 290 1 1 4 99 23 152 2 219 13 254 4 150 6 312 24 76 2 237 4 95 21 289 1 65 5 
1 0 399.10 9977.60 101 0.49 4.99 5.48 70 3 292 6 17 21 9 6 261 3 141 2 0 2 86 2 156 2 215 8 165 16 208 18 53 5 202 7 
1 0 0.00 0.00 0 0.00 0.00 0.00 
1 2 112.38 561.90 25 0.19 2.50 2.69 102 10 119 8 149 6 80 1 
1 2 55.85 279.23 25 0.14 1.24 1.38 102 5 80 1 70 16 71 3 
1 2 72.98 364.92 25 0.14 1.62 1.76 90 1 59 13 69 1 71 10 
2 0 499.08 12476.88 200 1.23 6.24 7.47 129 18 194 12 225 4 253 12 74 17 201 10 164 1 113 6 22 1 112 6 157 2 117 8 130 11 151 19 39 9 175 7 141 4 133 17 230 0 68 8 259 2 179 1 101 2 296 5 285 6 121 12 
2 0 376.07 9401.81 200 1.07 4.70 5.77 137 9 4 8 35 2 188 17 24 13 325 2 49 1 263 8 119 4 264 8 83 14 93 9 106 25 127 5 94 3 125 9 287 22 107 5 161 13 295 20 318 3 
2 0 1.50 37.50 4 0.01 0.02 0.03 114 4 
2 0 0.00 0.00 0 0.00 0.00 0.00 
2 1 64.29 642.94 50 0.30 0.58 0.88 122 7 128 10 318 19 163 3 267 3 169 4 114 4 
2 1 139.19 1391.89 50 0.42 1.27 1.69 7 6 182 2 179 2 288 7 258 18 160 4 275 1 122 10 114 0 
2 1 263.12 2631.18 50 0.41 2.39 2.80 67 5 160 3 228 2 32 9 125 6 109 1 210 20 295 3 128 1 
2 1 284.37 2843.68 50 0.36 2.59 2.95 112 3 297 10 162 6 268 2 153 6 110 6 130 1 224 1 93 15 
2 2 277.21 1386.07 25 0.45 6.16 6.61 117 1 26 3 192 1 224 1 48 2 39 4 130 1 162 2 196 8 295 2 
2 2 395.46 1977.32 25 0.33 8.79 9.12 195 2 259 1 155 4 206 6 178 0 42 3 39 3 268 3 130 3 26 0 
2 2 146.40 731.99 25 0.33 3.25 3.58 275 3 117 3 109 11 126 4 196 3 266 0 128 1 
3 1 378.55 3785.52 49 0.52 3.44 3.96 288 1 83 2 178 3 276 13 130 6 107 0 109 2 111 1 112 7 158 5 167 1 135 3 168 5 
3 2 149.76 748.82 25 0.23 3.33 3.56 252 2 5 6 31 1 298 8 269 3 19 5 
4 1 81.73 817.25 50 0.24 0.74 0.98 152 23 307 4 219 9 226 9 306 4 27 1 
4 1 80.50 804.97 50 0.21 0.73 0.94 108 9 306 9 27 2 315 17 308 13 
4 1 247.39 2473.92 50 0.50 2.25 2.75 45 1 229 10 104 9 133 4 183 3 304 0 230 2 180 8 198 5 145 8 
4 1 173.94 1739.41 50 0.34 1.58 1.92 219 1 300 2 10 23 198 6 23 6 232 2 76 9 186 1 
4 2 71.73 358.65 25 0.16 1.59 1.75 145 15 305 8 315 2 
5 0 363.31 9082.78 200 1.23 4.54 5.77 75 13 298 3 255 3 73 17 46 20 270 1 4 1 135 1 251 2 14 21 238 1 173 1 142 1 172 1 217 16 216 8 282 10 227 10 199 11 200 1 284 6 11 19 91 16 279 5 3 7 56 2 171 3 
5 0 162.04 4051.03 34 0.21 2.03 2.24 218 21 321 1 135 6 4 1 168 2 242 3 
5 1 150.46 1504.62 50 0.55 1.37 1.92 218 1 56 2 12 9 44 1 197 1 96 21 281 2 284 7 247 1 248 3 87 2 
5 1 225.80 2258.03 50 0.47 2.05 2.52 16 8 15 1 322 1 36 0 221 1 148 13 54 0 173 1 217 0 274 25 
5 1 406.98 4069.78 50 0.78 3.70 4.48 37 1 246 5 143 7 84 9 23 4 308 2 315 0 198 2 204 0 185 1 259 0 30 2 0 3 314 2 159 5 288 3 217 3 218 1 
5 2 44.55 222.75 25 0.24 0.99 1.23 87 6 217 4 209 1 132 4 243 2 88 5 244 3 
5 2 144.56 722.80 25 0.22 3.21 3.43 217 0 3 4 55 0 280 2 245 3 240 9 12 7 
5 2 33.70 168.51 25 0.13 0.75 0.88 13 18 56 7 
5 2 247.46 1237.31 25 0.31 5.50 5.81 19 3 257 14 35 1 325 2 49 4 36 1 322 0 
6 0 194.45 4861.36 157 0.75 2.43 3.18 146 12 25 12 265 20 77 17 233 17 140 9 262 7 119 8 86 13 118 11 205 6 286 17 259 4 223 3 29 1 
6 0 0.00 0.00 0 0.00 0.00 0.00 
6 1 228.63 2286.27 50 0.26 2.08 2.34 105 2 206 16 18 7 205 1 118 6 149 5 69 13 
6 2 54.45 272.27 25 0.13 1.21 1.34 29 3 303 21 204 1 
7 1 106.20 1061.99 50 0.43 0.97 1.40 51 7 123 5 131 2 234 5 316 3 55 2 241 8 170 18 
7 2 76.11 380.54 25 0.31 1.69 2.00 51 1 123 1 66 3 203 12 284 1 84 7 
7 2 111.12 555.62 25 0.34 2.47 2.81 51 5 123 0 84 6 246 0 96 1 245 13 
8 0 236.13 5903.30 200 1.04 2.95 3.99 301 1 311 0 293 1 189 1 193 12 184 2 300 18 92 20 313 1 211 15 78 10 309 7 2 10 138 23 124 10 33 8 174 5 176 11 8 10 64 15 115 11 17 1 310 1 302 7 
8 0 5.68 141.91 10 0.01 0.07 0.08 302 10 
8 2 108.95 544.73 25 0.22 2.42 2.64 291 1 47 9 41 1 124 11 17 0 190 2 317 1 
8 2 248.28 1241.41 25 0.27 5.52 5.79 63 6 9 5 206 3 207 1 314 9 0 0 311 1 
8 2 190.93 954.63 25 0.18 4.24 4.42 40 4 133 0 175 14 154 7 
8 2 251.26 1256.29 25 0.24 5.58 5.82 290 0 47 1 41 0 236 1 166 16 82 2 154 2 9 3 
9 1 154.87 1548.71 49 0.47 1.41 1.88 21 2 101 6 296 14 195 8 212 7 288 2 86 9 50 1 
9 2 54.95 274.74 25 0.20 1.22 1.42 257 6 4 9 135 10 
9 2 221.68 1108.41 25 0.57 4.93 5.50 225 3 73 4 255 5 19 5 168 0 320 1 43 2 35 0 222 1 28 0 120 2 325 2 182 0 