643298.98

0 0     610.30  15257.52 128  0.34  7.63  7.97  0 16 1 13 2 22 3 8 4 19 5 15 6 13 7 22 
0 0     626.19  15654.68  79  0.14  7.83  7.97  8 12 9 25 10 3 11 19 12 12 13 8 
0 0     609.91  15247.82 114  0.32  7.62  7.94  14 17 15 15 16 17 17 6 18 22 19 12 20 25 
0 0     609.55  15238.83  74  0.34  7.62  7.96  21 5 22 15 23 12 24 3 25 4 26 20 27 15 
0 0     604.79  15119.64 156  0.39  7.56  7.95  28 22 29 5 30 9 31 23 32 25 33 15 34 9 35 19 36 14 37 15 
0 1     833.56   8335.63  50  0.38  7.58  7.96  38 4 39 17 40 10 41 7 42 1 43 1 44 10 
0 1     447.18   4471.78  50  0.18  4.07  4.25  45 25 46 24 47 1 
0 1     837.83   8378.28  49  0.36  7.62  7.98  48 20 49 3 50 19 51 3 52 1 53 2 54 1 
0 1     820.50   8204.96  50  0.45  7.46  7.91  55 17 56 7 57 3 58 9 59 11 60 2 61 1 
0 1     617.23   6172.28  50  0.32  5.61  5.93  62 7 63 8 64 4 65 22 66 5 67 4 
0 2     174.04    870.21  25  0.06  3.87  3.93  68 5 69 19 70 1 
1 0     606.01  15150.34 125  0.40  7.58  7.98  71 23 72 11 73 22 74 14 75 24 76 16 77 15 
1 0     611.18  15279.43 123  0.33  7.64  7.97  78 22 79 23 80 3 81 25 82 3 83 12 84 20 85 15 
1 0     615.67  15391.81  50  0.27  7.70  7.97  86 1 87 3 88 15 89 16 90 15 
1 1     369.09   3690.93  50  0.13  3.36  3.49  91 25 92 25 
1 1     738.73   7387.26  50  0.36  6.72  7.08  93 15 94 18 95 12 96 1 97 3 98 1 
1 1     824.26   8242.60  50  0.32  7.49  7.81  99 15 100 4 101 14 102 6 103 9 104 1 105 1 
1 1     537.07   5370.74  50  0.20  4.88  5.08  106 23 107 6 108 20 109 1 
1 1     548.02   5480.17  50  0.22  4.98  5.20  110 1 111 24 112 17 113 7 114 1 
1 2     170.44    852.21  23  0.09  3.79  3.88  115 23 
1 2     149.34    746.69  23  0.18  3.32  3.50  116 21 117 1 118 1 
1 2     159.93    799.67  25  0.07  3.55  3.62  119 20 120 5 
2 0     582.74  14568.62 110  0.42  7.28  7.70  121 3 122 11 123 25 124 20 125 5 126 21 127 25 
2 0     601.86  15046.57 122  0.44  7.52  7.96  128 12 129 18 130 20 131 7 132 25 133 8 134 8 135 24 
2 1     736.55   7365.54  50  0.46  6.70  7.16  136 15 137 9 138 5 139 17 140 1 141 1 142 1 143 1 
2 1     840.16   8401.62  43  0.31  7.64  7.95  144 1 145 20 146 15 147 5 148 1 149 1 
2 1     642.62   6426.17  50  0.39  5.84  6.23  150 10 151 16 152 16 153 4 154 2 155 2 
2 2     160.38    801.88  21  0.13  3.56  3.69  156 11 157 8 158 2 
2 2     167.69    838.44  22  0.10  3.73  3.83  159 18 160 1 161 3 
2 2     170.15    850.75  22  0.20  3.78  3.98  162 2 163 13 164 7 
2 2     122.69    613.46  24  0.10  2.73  2.83  165 1 166 23 
3 0     600.85  15021.27 139  0.39  7.51  7.90  167 20 168 15 169 21 170 7 171 18 172 24 173 12 174 22 
3 0     602.40  15060.03 103  0.46  7.53  7.99  175 17 176 25 177 20 178 1 179 8 180 19 181 11 182 2 
3 0     609.94  15248.41  88  0.36  7.62  7.98  183 8 184 5 185 25 186 3 187 12 188 22 189 13 
3 1     762.09   7620.91  50  0.33  6.93  7.26  190 17 191 4 192 14 193 2 194 4 195 8 196 1 
3 1     485.93   4859.27  50  0.29  4.42  4.71  197 14 198 5 199 13 200 15 201 3 
3 2     171.08    855.42  21  0.04  3.80  3.84  202 20 203 1 
3 2     173.21    866.03  21  0.09  3.85  3.94  204 9 205 12 
3 2     153.52    767.62  25  0.18  3.41  3.59  206 6 207 17 208 2 
3 2     143.41    717.04  25  0.25  3.19  3.44  209 16 210 7 211 1 212 1 
4 0     606.79  15169.75  51  0.38  7.58  7.96  213 11 214 7 215 2 216 14 217 17 
4 0     591.71  14792.65 106  0.46  7.40  7.86  218 22 219 13 220 4 221 11 222 15 223 16 224 5 225 4 226 16 
4 0     602.75  15068.67 103  0.39  7.53  7.92  227 25 228 6 229 3 230 1 231 12 232 14 233 23 234 19 
4 1     480.45   4804.50  50  0.21  4.37  4.58  235 25 236 13 237 11 238 1 
4 1     569.06   5690.64  50  0.15  5.17  5.32  239 14 240 13 241 15 242 8 
4 1     848.73   8487.26  49  0.22  7.72  7.94  243 4 244 4 245 25 246 13 247 2 248 1 
4 1     795.96   7959.62  50  0.20  7.24  7.44  249 18 250 22 251 2 252 4 253 4 
4 1     641.28   6412.83  50  0.18  5.83  6.01  254 16 255 3 256 7 257 3 258 21 
4 2      16.13     80.67  25  0.09  0.36  0.45  259 25 
4 2     163.15    815.75  25  0.12  3.63  3.75  260 6 261 15 262 4 
4 2     155.31    776.55  25  0.17  3.45  3.62  263 19 264 2 265 4 
5 0     613.91  15347.75  65  0.29  7.67  7.96  266 10 267 3 268 9 269 13 270 23 271 7 
5 1     819.41   8194.14  49  0.50  7.45  7.95  272 3 273 4 274 18 275 6 276 12 277 4 278 1 279 1 
5 1     534.21   5342.06  50  0.25  4.86  5.11  280 17 281 7 282 20 283 5 284 1 
5 2     172.17    860.85  14  0.15  3.83  3.98  285 5 286 5 287 4 
5 2     173.12    865.61  15  0.14  3.85  3.99  288 3 289 2 290 10 
5 2     169.77    848.87  23  0.12  3.77  3.89  291 11 292 12 
5 2     168.60    842.98  17  0.16  3.75  3.91  293 4 294 3 295 6 296 4 
5 2     164.47    822.34  25  0.18  3.65  3.83  297 15 298 7 299 3 
6 0     614.38  15359.43  96  0.32  7.68  8.00  300 14 301 24 302 23 303 24 304 6 305 2 306 1 307 2 
6 0     600.50  15012.52  88  0.42  7.51  7.93  308 12 309 16 310 25 311 6 312 2 313 10 314 17 
6 0     610.71  15267.81  71  0.26  7.63  7.89  315 2 316 20 317 13 318 16 319 20 
6 0     605.91  15147.63 105  0.42  7.57  7.99  320 16 321 22 322 25 323 4 324 11 325 3 326 24 
6 0     613.08  15326.94 119  0.30  7.66  7.96  327 18 328 2 329 18 330 21 331 5 332 12 333 21 334 22 
6 1     440.78   4407.75  50  0.31  4.01  4.32  335 9 336 19 337 8 338 13 339 1 
6 1     825.94   8259.38  50  0.21  7.51  7.72  340 23 341 8 342 13 343 5 344 1 
6 2     169.81    849.05  14  0.14  3.77  3.91  345 1 346 7 347 6 
6 2     172.30    861.50   3  0.01  3.83  3.84  348 3 
6 2       0.00      0.00   0  0.00  0.00  0.00  
6 2       0.00      0.00   0  0.00  0.00  0.00  
6 2       0.00      0.00   0  0.00  0.00  0.00  
7 1     367.17   3671.72  50  0.22  3.34  3.56  349 20 350 23 351 7 
7 2     148.65    743.27  25  0.20  3.30  3.50  352 18 353 3 354 4 
7 2     171.19    855.93  25  0.19  3.80  3.99  355 15 356 5 357 4 358 1 
7 2     168.10    840.52  19  0.19  3.74  3.93  359 1 360 13 361 4 362 1 
7 2      82.54    412.68  25  0.01  1.83  1.84  363 25 
8 0     610.72  15268.08  92  0.32  7.63  7.95  364 14 365 3 366 12 367 15 368 7 369 20 370 8 371 13 
8 2     136.54    682.70  25  0.13  3.03  3.16  372 22 373 1 374 2 
8 2     175.19    875.96   5  0.09  3.89  3.98  375 5 
8 2     160.38    801.89  25  0.08  3.56  3.64  376 16 377 5 378 4 
8 2     152.76    763.80  18  0.04  3.39  3.43  379 8 380 10 
8 2      97.29    486.44   1  0.04  2.16  2.20  381 1 
9 0     592.47  14811.68  88  0.46  7.41  7.87  382 4 383 19 384 16 385 8 386 1 387 24 388 13 389 3 
9 0     624.69  15617.13  74  0.19  7.81  8.00  390 18 391 23 392 5 393 5 394 18 395 5 
9 0     607.45  15186.35  84  0.32  7.59  7.91  396 24 397 17 398 7 399 16 400 11 401 9 
9 0     623.35  15583.80  65  0.20  7.79  7.99  402 15 403 19 404 6 405 5 406 19 407 1 
9 0     613.55  15338.66  38  0.24  7.67  7.91  408 5 409 6 410 4 411 4 412 19 
9 1     801.56   8015.61  50  0.25  7.29  7.54  413 25 414 5 415 6 416 7 417 6 418 1 
9 1     445.45   4454.48  50  0.21  4.05  4.26  419 22 420 24 421 3 422 1 
9 1     567.87   5678.67  50  0.16  5.16  5.32  423 21 424 25 425 3 426 1 
9 1     815.24   8152.44  50  0.13  7.41  7.54  427 16 428 9 429 18 430 2 431 3 432 2 
9 2     173.61    868.07  25  0.05  3.86  3.91  433 21 434 4 
9 2     151.67    758.35  24  0.13  3.37  3.50  435 5 436 16 437 3 
9 2     159.23    796.14  21  0.15  3.54  3.69  438 18 439 3 
9 2     170.20    851.00  24  0.14  3.78  3.92  440 9 441 3 442 4 443 8 
9 2     167.11    835.56  22  0.05  3.71  3.76  444 22 
