3 2 79

   0   200     8    80    25
   1    50     8   110    10
   2    25     4    45     5

   0   15.69    0.76  475    3    3    0
   1  -56.73  -53.40  496    2    3    2

   0  -81.52   60.42    1  0.01
   1  -69.19  -79.28   22  0.04
   2  -70.72   13.91   21  0.06
   3   78.48   92.89   20  0.01
   4   40.98   32.57   20  0.02
   5  -73.79   26.18    1  0.09
   6   21.28   47.13    6  0.03
   7    6.04  -52.11    7  0.06
   8   84.27  -70.53    2  0.09
   9  -35.12  -48.10   25  0.03
  10  -57.01  -26.22   18  0.04
  11  -22.66  -20.21   11  0.06
  12    3.64  -16.69    8  0.02
  13  -48.46    7.71   19  0.09
  14   67.30  -84.16   25  0.02
  15   70.41  -63.03   20  0.03
  16   73.62  -53.99    8  0.07
  17  -49.32   30.69    5  0.06
  18   80.76   -6.78   18  0.09
  19   40.44  -11.16    6  0.08
  20   18.99   -1.10   12  0.05
  21   14.06  -83.10   24  0.02
  22   44.90   24.66   22  0.03
  23  -89.98  -67.83    3  0.02
  24    0.53  -93.35    1  0.09
  25  -84.85   18.91    6  0.06
  26   72.94  -34.68   19  0.06
  27  -96.09   12.89   12  0.04
  28   48.03   21.38    9  0.03
  29   23.30   41.46    1  0.05
  30   -1.53  -86.74    2  0.02
  31   25.31  -35.01    1  0.02
  32   18.96  -73.85   23  0.02
  33  -60.58   10.59    1  0.08
  34   41.25  -21.27   16  0.02
  35   59.55   80.30    9  0.08
  36   96.26   83.75    1  0.01
  37  -25.66  -19.63   11  0.05
  38   21.57   59.39   20  0.08
  39   23.74  -56.61   12  0.08
  40   79.20  -31.48   22  0.09
  41  -96.04  -34.26   10  0.02
  42  -29.87  -23.13   13  0.02
  43  -52.07  -39.81   12  0.08
  44  -52.66  -42.53    9  0.08
  45   44.89  -49.18   10  0.03
  46   48.11   60.52   18  0.09
  47  -51.70   53.01   21  0.07
  48  -34.24    6.37    2  0.06
  49  -62.79  -78.50   18  0.06
  50  -22.17  -77.56   17  0.06
  51    5.23  -70.85    5  0.08
  52  -37.60  -63.39   13  0.01
  53  -47.78  -59.43   24  0.08
  54  -52.07  -63.35    9  0.07
  55   61.14  -65.54    6  0.02
  56  -99.25   88.02    3  0.04
  57  -74.92  -87.65   19  0.04
  58    1.13  -33.58   15  0.08
  59   64.40  -17.75    5  0.07
  60  -44.48   -4.44    1  0.09
  61  -49.99  -48.10    1  0.03
  62   51.73  -71.19   21  0.07
  63  -33.18    4.45   21  0.07
  64  -26.35  -62.45    3  0.07
  65    2.18  -65.52    3  0.09
  66  -28.86  -40.22    1  0.01
  67   32.75  -17.35    1  0.03
  68  -93.04   13.66   24  0.08
  69   56.66   49.74   19  0.09
  70   35.27  -26.07    1  0.08
  71   29.19  -46.21    4  0.06
  72   35.33  -28.71    1  0.02
  73   78.50   22.18    1  0.02
  74   -9.48  -91.73   22  0.02
  75  -38.99  -33.95    3  0.06
  76   -6.09    7.66   23  0.09
  77  -33.81  -37.93    1  0.03
  78  -47.52  -45.62    1  0.02
