3 1 37

   0   200     8    80    25
   1    50     8   110    10
   2    25     4    45     5

   0  -10.61  -90.96  424    2    3    2

   0  -43.67   42.71    4  0.06
   1  -23.47  -56.48   19  0.05
   2  -53.03   59.24    1  0.06
   3  -97.29   77.39   14  0.06
   4  -90.42   65.44    3  0.05
   5   -5.54  -24.19    5  0.05
   6   -0.49  -53.44   10  0.01
   7   -3.52  -65.03    1  0.01
   8  -30.54  -72.37    2  0.05
   9   89.05  -19.50   20  0.05
  10  -21.79  -47.50   21  0.09
  11   -9.00   26.56   16  0.02
  12   96.43  -80.77   24  0.01
  13   80.31  -66.93   12  0.02
  14   51.53  -71.59    4  0.05
  15   21.17  -77.49   23  0.03
  16   47.73  -94.52   25  0.09
  17  -40.18   16.93    7  0.03
  18   52.56  -51.16    2  0.04
  19   47.69  -19.91    5  0.07
  20  -24.64   84.03    5  0.03
  21   32.88   64.94    4  0.08
  22   26.96  -18.62    1  0.02
  23   18.01   -4.90    1  0.05
  24  -39.94  -81.11   24  0.05
  25   24.85   51.97   25  0.05
  26  -97.07   33.49    1  0.01
  27    1.10   49.86   20  0.05
  28   -9.65  -28.22   16  0.06
  29  -29.60   84.13   13  0.07
  30  -12.45    7.76    1  0.07
  31   20.18  -19.92   20  0.04
  32    6.36  -52.12    1  0.05
  33   10.06  -90.45    2  0.05
  34  -24.86  -39.56   15  0.08
  35   -0.74  -99.38    2  0.05
  36  -31.46  -91.38    5  0.06
