2 2 54

   0   200     8    80    25
   1    50     8   110    10

   0  -89.53   33.84  299    4    2
   1  -13.12  -86.39  197    3    1

   0  -52.47  -87.68    2  0.04
   1   42.36   53.86    6  0.03
   2   21.90  -80.48    3  0.08
   3  -94.63   16.29    2  0.02
   4  -81.57   24.50    1  0.05
   5  -83.01   22.96    3  0.09
   6   36.18   75.00   18  0.04
   7  -20.49    0.87    1  0.01
   8  -94.53   80.91    1  0.05
   9   22.91   64.22   17  0.02
  10   17.61   74.19   16  0.09
  11  -19.80   76.02   17  0.03
  12  -61.94   92.64   15  0.08
  13  -30.42  -26.50    9  0.04
  14   16.88  -20.87    4  0.07
  15   49.82   12.19    5  0.05
  16  -42.51  -27.44    4  0.08
  17   -2.18   92.79    5  0.01
  18  -38.84  -23.87   23  0.05
  19  -46.91  -18.76    7  0.04
  20  -68.13   -0.29   25  0.05
  21   41.52   66.07    8  0.05
  22  -63.37  -39.49   12  0.03
  23   60.46   76.52    4  0.04
  24  -58.37   63.79    8  0.09
  25   72.56    8.40   12  0.05
  26  -51.59  -38.09   25  0.06
  27  -66.62   67.21    7  0.06
  28   41.98  -74.80    6  0.04
  29   53.57  -20.46   11  0.02
  30   23.91   -9.67    8  0.01
  31   93.31   79.76    5  0.04
  32   89.17  -85.84    5  0.06
  33   16.15   47.35    2  0.09
  34   11.21   23.28    2  0.09
  35  -33.57  -37.21   21  0.07
  36  -79.49   73.44   11  0.07
  37  -77.35  -64.08   11  0.01
  38   14.52  -84.02   18  0.08
  39  -73.30  -91.18   21  0.02
  40  -63.63  -72.13    7  0.09
  41  -15.62  -64.41    5  0.07
  42  -10.78  -64.81   12  0.03
  43  -48.66  -46.91    7  0.01
  44   91.68  -88.31    4  0.02
  45   72.34   75.58    3  0.08
  46   38.39  -44.56   22  0.08
  47   24.61  -76.05   10  0.08
  48   44.94  -60.15   15  0.06
  49  -49.48  -55.06    8  0.02
  50  -25.05  -78.65   19  0.08
  51  -77.64  -87.54    1  0.04
  52  -41.72  -56.83    1  0.04
  53   47.55  -16.98    1  0.03
