3 10 326

   0   200     8    80    25
   1    50     8   110    10
   2    25     4    45     5

   0   26.15  -65.39  528    2    5    3
   1   38.77  -22.33  576    4    0    3
   2  -69.20  -32.63  679    4    4    3
   3    7.71  -84.32   74    0    1    1
   4   89.85   12.93  225    0    4    1
   5   30.20  -86.57  484    2    3    4
   6   45.64   10.92  232    2    1    1
   7   90.62  -57.74  100    0    1    2
   8   75.90   62.93  310    2    0    4
   9  -44.73  -42.21   99    0    1    2

   0    1.46   53.82   10  0.07
   1   97.83   32.77    4  0.03
   2   83.92   66.04   10  0.07
   3   48.84  -85.12   11  0.06
   4  -42.82  -60.72   19  0.06
   5   18.36  -99.49    6  0.02
   6   26.74  -66.91   12  0.01
   7  -57.15  -37.53    6  0.09
   8   69.79   95.82   10  0.05
   9   17.48   95.78   14  0.01
  10   56.28   31.70   23  0.01
  11   78.69  -58.46   19  0.02
  12   50.69  -92.00   16  0.04
  13   39.66  -93.60   18  0.08
  14    9.25  -83.98   21  0.08
  15   13.95  -73.46    1  0.01
  16   15.14  -73.98    9  0.04
  17   70.60   68.91   24  0.01
  18  -29.17   42.47    7  0.07
  19  -49.23  -90.08   13  0.05
  20   60.41  -13.22    3  0.09
  21  -42.23  -20.75    2  0.07
  22  -71.59  -13.36    1  0.04
  23   85.19  -34.91   12  0.04
  24  -32.11  -35.49   13  0.09
  25   35.01   13.80   12  0.03
  26  -54.79   32.31    3  0.02
  27   75.93    7.07    3  0.06
  28   -0.72  -32.53    1  0.05
  29   54.44   15.77    4  0.01
  30   11.59   28.37    2  0.03
  31    9.04  -96.99    9  0.09
  32  -76.96   84.74    9  0.02
  33   82.67   71.96    8  0.06
  34  -73.92   -3.12   13  0.06
  35  -30.04  -49.42    6  0.07
  36    0.04  -45.90    4  0.03
  37   63.67  -73.20    1  0.06
  38  -41.75   13.00   14  0.08
  39  -62.63   92.24   25  0.05
  40   28.60   56.86    4  0.05
  41   97.90   67.88    1  0.03
  42  -57.84   96.26    3  0.05
  43  -25.20  -60.15    2  0.05
  44   58.27  -94.62    1  0.07
  45   72.88   33.56    1  0.04
  46  -66.33  -78.66   20  0.02
  47   98.59   66.18   10  0.01
  48  -58.49   89.75    2  0.08
  49  -26.50  -19.06   11  0.02
  50  -28.64  -21.42    1  0.07
  51   88.06  -57.40   13  0.08
  52   14.45  -40.60    2  0.08
  53   24.41  -65.91    8  0.01
  54   23.54  -66.37    1  0.06
  55   81.18  -76.80    2  0.02
  56   44.11  -86.95   11  0.05
  57    2.30  -74.52   11  0.05
  58   10.34  -71.95    1  0.03
  59   59.09   -0.49   13  0.02
  60   48.08  -26.95    1  0.01
  61   37.42  -20.31   11  0.02
  62   26.23  -39.07    4  0.06
  63   45.43   97.51   13  0.08
  64   59.84   92.40   20  0.05
  65   58.70  -24.00    9  0.02
  66   60.11  -49.36    3  0.05
  67  -55.77  -15.79    5  0.06
  68   22.35   37.77   22  0.02
  69   43.29   -2.78   14  0.05
  70   44.78   -2.99   19  0.01
  71   37.68  -13.24   22  0.06
  72  -75.87  -55.57   16  0.06
  73  -61.43  -80.74   21  0.03
  74  -88.06  -70.08   17  0.02
  75    8.91  -94.72   13  0.04
  76   93.06  -20.06   11  0.01
  77   33.40   12.59   17  0.09
  78   77.18   50.90   10  0.05
  79   36.15   -8.31   11  0.02
  80   37.49   -9.86    7  0.04
  81   36.45  -18.65    1  0.09
  82   20.34   81.86    2  0.03
  83  -37.75   32.24   16  0.05
  84   84.05  -43.76   24  0.02
  85   45.40  -21.24   14  0.08
  86    0.80   11.33   24  0.03
  87   34.82  -80.94    8  0.02
  88   31.64  -93.85    5  0.05
  89   31.12  -34.49   12  0.05
  90   39.12  -25.95    1  0.01
  91   84.34  -58.71   16  0.06
  92   70.72   43.69   20  0.06
  93  -31.94   46.54   24  0.04
  94  -72.08   61.96   12  0.01
  95   56.39  -34.08   21  0.04
  96   78.37  -83.43   22  0.05
  97   28.12  -26.12   18  0.08
  98   37.22  -26.86    8  0.01
  99   81.05   29.42   23  0.09
 100   78.79   52.12    1  0.02
 101  -43.19  -16.75    8  0.05
 102   29.76  -22.92   16  0.03
 103   41.06  -18.73    1  0.03
 104    2.47   58.42   23  0.01
 105   14.28   24.74    2  0.02
 106  -40.43   41.09   25  0.08
 107  -75.95   45.53   11  0.08
 108   79.94   20.00    9  0.05
 109  -83.57   33.06   14  0.07
 110  -91.22   81.73    6  0.08
 111  -79.83   19.00    1  0.01
 112  -73.59   -9.39   16  0.01
 113  -72.65  -17.47    7  0.07
 114  -69.92  -32.42    8  0.01
 115   61.12   89.83   11  0.03
 116  -91.60   95.60    8  0.09
 117  -72.67   18.59   14  0.06
 118    3.20   14.91   17  0.03
 119   -4.08    7.74   20  0.09
 120   -3.55  -31.27    8  0.01
 121  -67.30  -25.73   12  0.05
 122  -69.22  -27.86   17  0.02
 123   86.64  -55.49    6  0.09
 124   89.51   68.32   21  0.08
 125  -76.37   66.90   15  0.07
 126  -87.35   28.82    4  0.02
 127  -48.13   38.30    5  0.02
 128  -73.50  -27.60   18  0.05
 129  -68.51  -33.16   18  0.06
 130  -69.65   53.45   22  0.01
 131   63.22  -53.28    2  0.05
 132   26.70  -83.05    4  0.04
 133   16.25   52.63   21  0.02
 134   19.38   -9.46   22  0.05
 135  -41.11  -58.28   20  0.08
 136  -48.29  -54.75    7  0.01
 137  -55.21  -44.20   15  0.01
 138   92.28   61.28   23  0.05
 139  -67.53   -7.04   11  0.04
 140    1.25  -15.56    9  0.09
 141    0.30   78.21    6  0.04
 142   26.82  -77.21    1  0.07
 143   86.74  -46.49    8  0.03
 144   30.65  -29.18    5  0.05
 145   91.04    2.64   23  0.05
 146   38.36    8.75   12  0.07
 147  -33.15  -92.02    2  0.06
 148   19.02  -48.01   13  0.09
 149   20.53   -3.16   12  0.03
 150   74.58   -4.75    6  0.04
 151  -65.74   77.99   19  0.05
 152   67.88   32.48   25  0.01
 153  -97.06   79.14    9  0.05
 154   15.79   81.34   12  0.08
 155   10.09   52.27    4  0.01
 156   -1.62  -21.29   18  0.07
 157  -76.89   -5.27    2  0.02
 158  -70.66  -19.82    5  0.02
 159  -21.03   41.97   18  0.01
 160  -45.39    1.78    7  0.02
 161  -81.63   42.92   13  0.09
 162  -85.52   22.48    8  0.06
 163  -84.49  -26.20    3  0.01
 164  -81.45  -37.10    1  0.05
 165   17.12  -44.81   17  0.07
 166   94.30   97.79   16  0.01
 167  -68.99  -20.94    6  0.01
 168  -29.83  -73.46    7  0.02
 169  -77.53  -41.74    4  0.03
 170   83.80  -65.97   18  0.05
 171   38.26  -92.93    3  0.06
 172   31.03  -77.48    1  0.02
 173   25.95  -79.69    2  0.02
 174   79.03   95.09    5  0.07
 175   -6.90   89.22   23  0.03
 176   73.66   96.07   11  0.08
 177  -85.95   95.68   11  0.08
 178  -34.99   62.78   12  0.06
 179  -36.29  -17.68   12  0.07
 180   30.99   25.43   16  0.02
 181  -81.19   87.07    1  0.07
 182  -36.26  -29.42    2  0.06
 183   16.68   42.22    3  0.07
 184   43.00   47.53    2  0.05
 185   25.56    3.19    1  0.02
 186   89.21   -7.06    1  0.07
 187  -36.10  -90.70   20  0.04
 188  -25.76  -46.13   17  0.08
 189   65.70   60.50    1  0.09
 190   48.75   67.64    2  0.02
 191  -16.12  -22.74    9  0.03
 192  -54.26   34.59    1  0.07
 193   53.18   61.35   12  0.05
 194  -67.52  -55.13   16  0.03
 195  -42.29  -13.00   10  0.03
 196  -91.23    3.77   11  0.02
 197   60.68  -97.97    1  0.08
 198   59.84    5.21   13  0.09
 199   52.43  -57.02   11  0.03
 200   55.32  -55.89    1  0.01
 201  -97.40  -52.39   10  0.08
 202   31.96  -40.33   14  0.05
 203   59.94  -46.21   12  0.01
 204   47.60    0.74    1  0.05
 205    1.61   19.98    7  0.04
 206  -28.41   69.69   25  0.02
 207  -27.37   65.09    4  0.03
 208   21.22  -72.96   20  0.01
 209   28.58  -81.01    1  0.02
 210  -96.72   -6.79   20  0.03
 211   66.07   51.27   15  0.02
 212  -33.97   -2.58    7  0.09
 213   28.42  -50.59    3  0.02
 214   24.18  -29.14   18  0.03
 215   15.94  -33.06    8  0.06
 216   36.34  -78.65   24  0.07
 217   31.31  -79.59   25  0.04
 218   30.19  -86.24   23  0.01
 219   70.97   23.67   23  0.04
 220   52.79  -57.09    6  0.03
 221   10.19  -40.24   13  0.02
 222  -10.24  -38.34    3  0.07
 223   40.56   19.37    3  0.04
 224  -52.23   50.54    2  0.04
 225  -78.19  -75.98    7  0.09
 226   68.71   12.37    9  0.03
 227   36.28  -71.23   10  0.07
 228  -47.48   11.88   11  0.05
 229   50.64   72.26   10  0.06
 230   19.69   42.02    2  0.07
 231  -38.49  -20.37    1  0.02
 232   94.65  -37.72   24  0.07
 233   26.34   12.67   17  0.06
 234   54.64  -48.04    7  0.01
 235  -22.62   63.82    1  0.07
 236   99.21   71.64    1  0.05
 237   65.28  -30.71   19  0.07
 238   15.71  -82.09    1  0.07
 239   37.24  -78.68    2  0.07
 240   73.64  -94.03    9  0.03
 241   88.14  -74.18    8  0.05
 242   13.20  -88.71    3  0.01
 243   26.46  -96.77    2  0.03
 244   30.02  -92.34    3  0.04
 245   87.79  -96.00   16  0.02
 246   83.01  -50.33    5  0.08
 247   42.06  -70.08    1  0.02
 248   33.22  -80.97    3  0.07
 249    5.42  -66.38    3  0.02
 250   36.65  -34.53   18  0.06
 251    8.21  -84.66    2  0.04
 252   17.42  -91.91    2  0.04
 253  -80.17  -86.80   12  0.09
 254   67.19    1.42    4  0.09
 255  -60.93  -79.99    8  0.03
 256  -15.97  -64.39    5  0.09
 257  -48.62  -68.06   20  0.06
 258  -38.53   12.62   18  0.05
 259   15.16   26.99   16  0.06
 260   36.36   -8.27   22  0.04
 261    6.92   94.21    3  0.02
 262  -12.31   -0.14    7  0.03
 263  -18.68    3.03   14  0.01
 264  -14.62   21.56    8  0.01
 265   34.67   16.05   20  0.03
 266  -74.59  -28.35   23  0.08
 267  -87.56  -37.44    3  0.09
 268  -98.17   75.97   17  0.02
 269  -41.50  -99.43    3  0.01
 270  -45.12  -63.61    1  0.04
 271   54.10  -21.82    3  0.04
 272   17.50  -13.89   25  0.09
 273   49.68   96.03    4  0.02
 274   84.86  -98.64   25  0.09
 275  -64.41  -22.75    5  0.03
 276  -35.81   63.98   13  0.03
 277   38.44  -40.16    2  0.07
 278   62.37  -27.44    1  0.02
 279   63.02  -75.97   21  0.03
 280   90.88  -79.04    2  0.01
 281   74.16  -67.12    2  0.08
 282   41.46  -78.30   10  0.05
 283   31.15  -46.33    1  0.04
 284   68.60  -48.84   14  0.06
 285  -57.97   -9.57    6  0.03
 286   -5.96   27.07   17  0.05
 287  -89.45   62.21   22  0.05
 288  -28.89    3.79   13  0.07
 289   56.07  -26.37   11  0.02
 290   96.62   40.07    1  0.02
 291   91.58   60.64    1  0.02
 292   70.37   63.51    6  0.03
 293   67.87   64.52    1  0.03
 294   38.62   -9.15   22  0.03
 295  -93.14   -9.18   25  0.04
 296  -44.71  -12.75   22  0.06
 297  -77.48    9.81   10  0.05
 298    4.81  -95.97   11  0.02
 299   31.57  -27.13    5  0.05
 300   57.30   30.44   20  0.01
 301   73.22   60.52    1  0.01
 302   78.15   61.20   17  0.01
 303   63.84   18.68   21  0.07
 304   18.31   41.14    4  0.07
 305   90.12  -14.03    8  0.09
 306   74.55   11.10   13  0.03
 307   63.16   30.34    4  0.07
 308   76.87  -14.71   15  0.05
 309   78.55   57.59    7  0.04
 310   78.30   67.96    1  0.02
 311   71.60   64.06    1  0.03
 312   94.02  -20.14   24  0.06
 313   67.90   44.30    1  0.02
 314  -23.31   49.41   25  0.03
 315   72.66   -5.64   19  0.02
 316   57.78  -57.33    5  0.08
 317   71.97   56.63    1  0.05
 318  -77.93  -18.71   22  0.09
 319  -18.14  -52.18    1  0.07
 320  -31.74  -67.62    1  0.03
 321  -34.10  -65.82    1  0.03
 322    1.14  -47.96   12  0.07
 323  -38.46    3.61    4  0.02
 324  -22.63  -17.46    2  0.08
 325  -29.81  -25.15    6  0.01
