389793.40

0 1     670.01   6700.06  50  0.25  6.09  6.34  0 13 1 21 2 3 3 12 4 1 
0 1     838.31   8383.13  47  0.32  7.62  7.94  5 11 6 7 7 12 8 9 9 7 10 1 
0 1     826.67   8266.72  49  0.32  7.52  7.84  11 18 12 5 13 9 14 10 15 7 
0 1     400.95   4009.47  50  0.24  3.64  3.88  16 3 17 16 18 25 19 5 20 1 
0 1     512.97   5129.68  50  0.17  4.66  4.83  21 16 22 18 23 16 
0 2     165.84    829.19  25  0.08  3.69  3.77  24 23 25 2 
0 2     164.09    820.46  18  0.10  3.65  3.75  26 3 27 15 
0 2       0.00      0.00   0  0.00  0.00  0.00  
0 2       0.00      0.00   0  0.00  0.00  0.00  
0 2       0.00      0.00   0  0.00  0.00  0.00  
1 0     618.81  15470.35  75  0.25  7.74  7.99  28 3 29 8 30 14 31 23 32 20 33 7 
1 0     614.90  15372.38 117  0.31  7.69  8.00  34 6 35 23 36 1 37 10 38 19 39 20 40 2 41 17 42 19 
1 0     602.65  15066.37  61  0.36  7.53  7.89  43 19 44 1 45 3 46 16 47 5 48 4 49 13 
2 1     461.72   4617.19  50  0.14  4.20  4.34  50 22 51 7 52 20 53 1 
2 2     161.39    806.93  20  0.20  3.59  3.79  54 16 55 2 56 2 
2 2     174.46    872.31  25  0.07  3.88  3.95  57 9 58 16 
2 2      89.75    448.74  24  0.06  1.99  2.05  59 10 60 9 61 5 
2 2      64.53    322.63  25  0.05  1.43  1.48  62 25 
3 0     599.60  14990.02 122  0.46  7.50  7.96  63 22 64 9 65 20 66 3 67 24 68 16 69 13 70 15 
3 1     807.17   8071.69  50  0.37  7.34  7.71  71 15 72 14 73 5 74 4 75 1 76 4 77 6 78 1 
3 2     110.52    552.58  25  0.10  2.46  2.56  79 23 80 2 
3 2     167.87    839.35  20  0.21  3.73  3.94  81 6 82 2 83 8 84 4 
4 0     583.66  14591.58  81  0.43  7.30  7.73  85 10 86 5 87 9 88 22 89 15 90 1 91 14 92 5 
4 0     254.04   6351.10   8  0.11  3.18  3.29  93 4 94 3 95 1 
4 1       0.00      0.00   0  0.00  0.00  0.00  
4 1       0.00      0.00   0  0.00  0.00  0.00  
4 1       0.00      0.00   0  0.00  0.00  0.00  
4 1       0.00      0.00   0  0.00  0.00  0.00  
4 2       0.00      0.00   0  0.00  0.00  0.00  
4 2       0.00      0.00   0  0.00  0.00  0.00  
4 2       0.00      0.00   0  0.00  0.00  0.00  
4 2       0.00      0.00   0  0.00  0.00  0.00  
4 2       0.00      0.00   0  0.00  0.00  0.00  
5 0     608.64  15216.05  69  0.31  7.61  7.92  96 13 97 8 98 22 99 20 100 2 101 4 
5 0     577.47  14436.83 106  0.34  7.22  7.56  102 23 103 8 104 20 105 25 106 3 107 9 108 10 109 3 110 3 111 2 
5 2     159.47    797.37  25  0.21  3.54  3.75  112 19 113 5 114 1 
5 2     171.54    857.71  25  0.08  3.81  3.89  115 24 116 1 
5 2     148.36    741.79  25  0.09  3.30  3.39  117 14 118 7 119 4 
5 2     164.20    820.99  25  0.09  3.65  3.74  120 9 121 16 
6 0     604.90  15122.58 161  0.42  7.56  7.98  122 9 123 7 124 22 125 25 126 14 127 18 128 12 129 24 130 6 131 24 
6 1     569.71   5697.10  50  0.29  5.18  5.47  132 20 133 16 134 12 135 1 136 1 
6 1     739.39   7393.89  49  0.31  6.72  7.03  137 6 138 1 139 25 140 11 141 4 142 1 143 1 
6 1     691.82   6918.22  50  0.20  6.29  6.49  144 22 145 18 146 9 147 1 
6 1     842.54   8425.40  49  0.31  7.66  7.97  148 14 149 7 150 18 151 9 152 1 
7 0     591.68  14791.92  96  0.44  7.40  7.84  153 2 154 6 155 8 156 6 157 23 158 12 159 15 160 15 161 9 
7 0     617.78  15444.44  51  0.27  7.72  7.99  162 19 163 1 164 1 165 22 166 7 167 1 
7 0     608.34  15208.58 119  0.38  7.60  7.98  168 21 169 21 170 12 171 23 172 13 173 2 174 23 175 2 176 2 
7 1     718.20   7181.98  50  0.37  6.53  6.90  177 23 178 1 179 11 180 3 181 6 182 6 
7 1     458.84   4588.45  50  0.21  4.17  4.38  183 18 184 7 185 12 186 3 187 8 188 2 
7 1     802.42   8024.19  48  0.42  7.29  7.71  189 8 190 18 191 12 192 1 193 1 194 4 195 4 
7 1     342.63   3426.28   3  0.07  3.11  3.18  196 2 197 1 
8 0     597.87  14946.68  63  0.38  7.47  7.85  198 21 199 7 200 24 201 8 202 1 203 2 
8 0     157.77   3944.13   1  0.08  1.97  2.05  204 1 
8 1       0.00      0.00   0  0.00  0.00  0.00  
8 1       0.00      0.00   0  0.00  0.00  0.00  
8 1       0.00      0.00   0  0.00  0.00  0.00  
8 2       0.00      0.00   0  0.00  0.00  0.00  
9 0     619.04  15476.05 120  0.21  7.74  7.95  205 24 206 12 207 12 208 25 209 22 210 25 
9 0     596.07  14901.82 104  0.38  7.45  7.83  211 18 212 17 213 1 214 2 215 4 216 19 217 22 218 21 
9 0     615.73  15393.34  72  0.25  7.70  7.95  219 10 220 12 221 11 222 16 223 23 
9 0     594.78  14869.62  91  0.27  7.43  7.70  224 20 225 21 226 3 227 1 228 3 229 23 230 20 
9 0     600.24  15006.04  97  0.35  7.50  7.85  231 14 232 16 233 4 234 21 235 8 236 8 237 19 238 7 
9 1     712.04   7120.41  50  0.20  6.47  6.67  239 22 240 10 241 8 242 4 243 6 
9 1     823.74   8237.43  48  0.40  7.49  7.89  244 11 245 2 246 13 247 4 248 17 249 1 
9 2     124.64    623.19  25  0.07  2.77  2.84  250 25 
9 2     166.87    834.34  24  0.17  3.71  3.88  251 3 252 14 253 7 
9 2     166.92    834.62  18  0.17  3.71  3.88  254 7 255 2 256 1 257 8 
