559455.80

0 0     615.54  15388.40  67  0.26  7.69  7.95  0 20 1 6 2 15 3 11 4 15 
0 0     578.31  14457.71  94  0.42  7.23  7.65  5 25 6 25 7 19 8 15 9 5 10 4 11 1 
0 0       0.00      0.00   0  0.00  0.00  0.00  
0 0       0.00      0.00   0  0.00  0.00  0.00  
0 1       0.00      0.00   0  0.00  0.00  0.00  
0 1       0.00      0.00   0  0.00  0.00  0.00  
0 1       0.00      0.00   0  0.00  0.00  0.00  
0 1       0.00      0.00   0  0.00  0.00  0.00  
0 2       0.00      0.00   0  0.00  0.00  0.00  
0 2       0.00      0.00   0  0.00  0.00  0.00  
0 2       0.00      0.00   0  0.00  0.00  0.00  
1 0     587.78  14694.47  67  0.30  7.35  7.65  12 3 13 15 14 5 15 3 16 24 17 17 
1 0     566.40  14159.98 123  0.31  7.08  7.39  18 14 19 22 20 21 21 23 22 3 23 2 24 12 25 10 26 15 27 1 
1 0     618.38  15459.59  72  0.26  7.73  7.99  28 21 29 17 30 6 31 4 32 12 33 12 
1 1     407.60   4076.02  34  0.17  3.71  3.88  34 2 35 19 36 7 37 6 
1 1       0.00      0.00   0  0.00  0.00  0.00  
1 1       0.00      0.00   0  0.00  0.00  0.00  
1 1       0.00      0.00   0  0.00  0.00  0.00  
1 1       0.00      0.00   0  0.00  0.00  0.00  
2 0     620.14  15503.61  40  0.24  7.75  7.99  38 22 39 4 40 6 41 8 
2 0     618.77  15469.19  87  0.23  7.73  7.96  42 20 43 15 44 25 45 6 46 21 
2 0     574.90  14372.53  92  0.30  7.19  7.49  47 10 48 1 49 24 50 5 51 9 52 2 53 15 54 16 55 10 
2 0     316.27   7906.74  20  0.15  3.95  4.10  56 2 57 17 58 1 
2 2       0.00      0.00   0  0.00  0.00  0.00  
2 2       0.00      0.00   0  0.00  0.00  0.00  
2 2       0.00      0.00   0  0.00  0.00  0.00  
2 2       0.00      0.00   0  0.00  0.00  0.00  
3 0     597.16  14929.06  95  0.37  7.46  7.83  59 6 60 22 61 23 62 15 63 7 64 2 65 12 66 8 
3 0     597.52  14938.05  94  0.34  7.47  7.81  67 6 68 4 69 18 70 24 71 12 72 7 73 21 74 2 
3 0      83.45   2086.21   1  0.03  1.04  1.07  75 1 
3 0       0.00      0.00   0  0.00  0.00  0.00  
3 0       0.00      0.00   0  0.00  0.00  0.00  
3 1       0.00      0.00   0  0.00  0.00  0.00  
3 1       0.00      0.00   0  0.00  0.00  0.00  
3 2       0.00      0.00   0  0.00  0.00  0.00  
3 2       0.00      0.00   0  0.00  0.00  0.00  
3 2       0.00      0.00   0  0.00  0.00  0.00  
3 2       0.00      0.00   0  0.00  0.00  0.00  
3 2       0.00      0.00   0  0.00  0.00  0.00  
4 0     617.07  15426.70  22  0.27  7.71  7.98  76 3 77 8 78 3 79 7 80 1 
4 0     616.85  15421.23  91  0.27  7.71  7.98  81 1 82 15 83 14 84 22 85 21 86 16 87 2 
4 0     615.02  15375.60  71  0.28  7.69  7.97  88 7 89 23 90 1 91 23 92 17 
4 0     586.97  14674.28  97  0.53  7.34  7.87  93 21 94 5 95 3 96 15 97 25 98 22 99 1 100 5 
4 0     609.79  15244.74  46  0.32  7.62  7.94  101 10 102 2 103 3 104 10 105 6 106 15 
4 1     829.29   8292.93  50  0.44  7.54  7.98  107 11 108 18 109 4 110 3 111 1 112 9 113 1 114 2 115 1 
4 1     646.96   6469.56  50  0.21  5.88  6.09  116 16 117 9 118 24 119 1 
4 1     713.51   7135.13  50  0.38  6.49  6.87  120 8 121 10 122 13 123 7 124 9 125 1 126 2 
4 1     595.21   5952.11  50  0.11  5.41  5.52  127 17 128 16 129 15 130 2 
4 1     829.26   8292.58  50  0.33  7.54  7.87  131 1 132 25 133 16 134 2 135 1 136 5 
4 2     167.91    839.56  20  0.18  3.73  3.91  137 9 138 7 139 4 
5 0     614.44  15361.08  86  0.31  7.68  7.99  140 15 141 6 142 7 143 1 144 7 145 18 146 16 147 16 
5 1     537.71   5377.07  50  0.24  4.89  5.13  148 7 149 20 150 2 151 16 152 5 
5 1     475.25   4752.48  50  0.19  4.32  4.51  153 2 154 24 155 24 
5 1     361.64   3616.37  11  0.06  3.29  3.35  156 7 157 4 
5 1       0.00      0.00   0  0.00  0.00  0.00  
6 0     588.01  14700.30  61  0.32  7.35  7.67  158 14 159 15 160 11 161 10 162 3 163 6 164 2 
6 0     602.55  15063.82  69  0.31  7.53  7.84  165 4 166 5 167 9 168 22 169 20 170 6 171 2 172 1 
6 0     105.68   2641.97   2  0.01  1.32  1.33  173 2 
6 0       0.00      0.00   0  0.00  0.00  0.00  
6 2       0.00      0.00   0  0.00  0.00  0.00  
6 2       0.00      0.00   0  0.00  0.00  0.00  
6 2       0.00      0.00   0  0.00  0.00  0.00  
6 2       0.00      0.00   0  0.00  0.00  0.00  
7 0     603.10  15077.53  97  0.35  7.54  7.89  174 19 175 7 176 15 177 20 178 17 179 10 180 9 
7 0     602.55  15063.72  91  0.42  7.53  7.95  181 14 182 20 183 11 184 10 185 18 186 4 187 14 
7 0     606.21  15155.37 152  0.34  7.58  7.92  188 21 189 4 190 12 191 21 192 22 193 19 194 19 195 23 196 11 
7 1     744.67   7446.73  50  0.42  6.77  7.19  197 19 198 2 199 9 200 12 201 6 202 1 203 1 
7 1     812.45   8124.46  50  0.27  7.39  7.66  204 23 205 18 206 3 207 5 208 1 
7 1     734.91   7349.08  50  0.24  6.68  6.92  209 1 210 15 211 23 212 3 213 7 214 1 
7 1     772.28   7722.80  50  0.25  7.02  7.27  215 8 216 24 217 16 218 1 219 1 
7 2     147.40    736.99  25  0.18  3.28  3.46  220 2 221 19 222 2 223 2 
7 2     153.97    769.87  25  0.08  3.42  3.50  224 15 225 10 
8 0     613.93  15348.18  70  0.31  7.67  7.98  226 14 227 15 228 13 229 24 230 4 
8 1     831.87   8318.67  50  0.34  7.56  7.90  231 1 232 15 233 4 234 15 235 12 236 1 237 1 238 1 
8 1     564.68   5646.76  50  0.27  5.13  5.40  239 8 240 14 241 5 242 15 243 6 244 2 
8 1     838.50   8385.03  44  0.29  7.62  7.91  245 5 246 1 247 5 248 13 249 10 250 8 251 2 
8 2     168.48    842.40  24  0.25  3.74  3.99  252 16 253 3 254 2 255 3 
8 2     137.93    689.64  24  0.15  3.07  3.22  256 11 257 13 
8 2     170.98    854.90   5  0.11  3.80  3.91  258 3 259 2 
9 0     612.54  15313.42  53  0.31  7.66  7.97  260 9 261 3 262 23 263 4 264 14 
9 0     620.70  15517.46  63  0.23  7.76  7.99  265 4 266 12 267 16 268 10 269 17 270 4 
9 0     606.31  15157.74  93  0.41  7.58  7.99  271 1 272 20 273 15 274 9 275 25 276 23 
9 0     613.67  15341.71  74  0.28  7.67  7.95  277 25 278 23 279 12 280 10 281 4 
9 0     595.76  14894.05 133  0.52  7.45  7.97  282 23 283 24 284 10 285 9 286 18 287 9 288 22 289 14 290 4 
9 1     547.77   5477.67  50  0.23  4.98  5.21  291 23 292 10 293 8 294 1 295 8 
9 1     646.39   6463.94  50  0.32  5.88  6.20  296 14 297 9 298 4 299 15 300 3 301 4 302 1 
9 1     527.81   5278.06  50  0.28  4.80  5.08  303 21 304 16 305 6 306 6 307 1 
9 1     249.12   2491.20  50  0.17  2.26  2.43  308 14 309 24 310 12 
9 1     790.94   7909.38  50  0.45  7.19  7.64  311 1 312 9 313 9 314 4 315 13 316 7 317 6 318 1 
