400539.37

0 0     614.17  15354.33  72  0.32  7.68  8.00  0 10 1 4 2 10 3 11 4 19 5 6 6 12 
0 0     605.59  15139.65 137  0.43  7.57  8.00  7 6 8 10 9 14 10 23 11 19 12 16 13 18 14 21 15 1 16 9 
0 1     756.55   7565.53  50  0.33  6.88  7.21  17 24 18 7 19 13 20 3 21 2 22 1 
0 1     790.98   7909.82  50  0.33  7.19  7.52  23 12 24 13 25 12 26 3 27 3 28 1 29 4 30 2 
0 1     772.42   7724.25  50  0.39  7.02  7.41  31 9 32 9 33 8 34 13 35 6 36 4 37 1 
0 1     805.49   8054.95  50  0.38  7.32  7.70  38 14 39 25 40 4 41 1 42 3 43 2 44 1 
0 1     853.42   8534.23  45  0.24  7.76  8.00  45 1 46 20 47 10 48 2 49 11 50 1 
0 2     168.90    844.49  24  0.23  3.75  3.98  51 13 52 2 53 8 54 1 
0 2     163.81    819.06  25  0.15  3.64  3.79  55 2 56 11 57 11 58 1 
0 2     160.47    802.33  25  0.05  3.57  3.62  59 13 60 1 61 11 
1 0     600.06  15001.53 131  0.46  7.50  7.96  62 4 63 13 64 20 65 9 66 3 67 5 68 22 69 14 70 19 71 22 
1 0     603.08  15077.09 124  0.45  7.54  7.99  72 16 73 21 74 17 75 13 76 11 77 17 78 10 79 11 80 7 81 1 
1 0     612.07  15301.71 106  0.34  7.65  7.99  82 2 83 16 84 24 85 14 86 24 87 8 88 5 89 12 90 1 
1 0     611.87  15296.84 141  0.35  7.65  8.00  91 16 92 20 93 24 94 12 95 21 96 22 97 18 98 8 
1 2     174.16    870.81  24  0.11  3.87  3.98  99 23 100 1 
1 2     171.68    858.39  25  0.11  3.82  3.93  101 8 102 16 103 1 
1 2     177.28    886.42  25  0.03  3.94  3.97  104 23 105 2 
2 0     603.10  15077.54  97  0.46  7.54  8.00  106 25 107 11 108 9 109 14 110 6 111 1 112 16 113 7 114 8 
2 0     607.78  15194.48 107  0.38  7.60  7.98  115 11 116 8 117 14 118 17 119 20 120 8 121 12 122 17 
2 0     606.17  15154.34  87  0.39  7.58  7.97  123 6 124 21 125 15 126 4 127 5 128 18 129 18 
2 0     618.38  15459.55 113  0.27  7.73  8.00  130 22 131 2 132 4 133 21 134 22 135 20 136 7 137 15 
2 1     787.21   7872.14  50  0.29  7.16  7.45  138 23 139 11 140 9 141 6 142 1 
2 1     529.59   5295.88  50  0.26  4.81  5.07  143 8 144 5 145 23 146 12 147 2 
2 1     462.07   4620.71  50  0.21  4.20  4.41  148 13 149 12 150 6 151 19 
2 1     581.83   5818.33  50  0.15  5.29  5.44  152 25 153 9 154 12 155 4 
2 2     174.20    871.01  25  0.11  3.87  3.98  156 18 157 2 158 5 
2 2     177.64    888.21  25  0.03  3.95  3.98  159 18 160 7 
2 2     170.42    852.10  25  0.21  3.79  4.00  161 13 162 8 163 3 164 1 
3 1     622.73   6227.33  50  0.14  5.66  5.80  165 17 166 16 167 6 168 7 169 4 
3 2     172.61    863.05  24  0.15  3.84  3.99  170 18 171 3 172 1 173 2 
4 1     603.76   6037.63  50  0.26  5.49  5.75  174 5 175 23 176 11 177 11 
4 1     795.70   7957.01  50  0.49  7.23  7.72  178 12 179 12 180 16 181 1 182 2 183 3 184 2 185 1 186 1 
4 1     693.57   6935.67  50  0.33  6.31  6.64  187 20 188 17 189 1 190 2 191 9 192 1 
4 1     626.82   6268.22  50  0.21  5.70  5.91  193 12 194 16 195 10 196 11 197 1 
4 2     173.76    868.78  25  0.13  3.86  3.99  198 13 199 11 200 1 
5 0     614.85  15371.13  94  0.31  7.69  8.00  201 10 202 14 203 12 204 1 205 7 206 25 207 4 208 20 209 1 
5 0     608.21  15205.23 143  0.37  7.60  7.97  210 20 211 15 212 7 213 3 214 18 215 8 216 24 217 25 218 23 
5 1     601.40   6013.98  50  0.24  5.47  5.71  219 23 220 6 221 13 222 3 223 3 224 2 
5 1     827.18   8271.79  50  0.39  7.52  7.91  225 7 226 9 227 10 228 11 229 10 230 2 231 1 
5 1     663.37   6633.72  50  0.26  6.03  6.29  232 24 233 17 234 7 235 1 236 1 
5 2     169.73    848.64  22  0.21  3.77  3.98  237 19 238 1 239 2 
5 2     171.97    859.83  25  0.16  3.82  3.98  240 9 241 8 242 3 243 2 244 3 
5 2     170.13    850.65  25  0.19  3.78  3.97  245 16 246 5 247 1 248 3 
5 2     159.78    798.89  25  0.16  3.55  3.71  249 3 250 18 251 2 252 2 
6 0     622.93  15573.16  24  0.21  7.79  8.00  253 12 254 4 255 8 
6 0     598.89  14972.34 133  0.40  7.49  7.89  256 5 257 20 258 18 259 16 260 22 261 3 262 7 263 14 264 8 265 20 
6 1     618.03   6180.31  50  0.28  5.62  5.90  266 23 267 3 268 17 269 3 270 1 271 3 
6 2      75.03    375.15  25  0.09  1.67  1.76  272 25 
7 1     812.15   8121.54  50  0.26  7.38  7.64  273 4 274 25 275 5 276 13 277 2 278 1 
7 2     100.58    502.92  25  0.12  2.24  2.36  279 21 280 2 281 2 
7 2     148.16    740.81  25  0.15  3.29  3.44  282 10 283 1 284 14 
8 0     612.05  15301.14  78  0.32  7.65  7.97  285 6 286 17 287 22 288 13 289 11 290 1 291 1 292 6 293 1 
8 0     614.04  15350.99 133  0.28  7.68  7.96  294 22 295 25 296 22 297 10 298 11 299 5 300 20 301 1 302 17 
8 2     158.21    791.03  25  0.14  3.52  3.66  303 21 304 4 
8 2     165.18    825.88  25  0.19  3.67  3.86  305 8 306 13 307 4 
8 2     172.54    862.69  24  0.14  3.83  3.97  308 15 309 7 310 1 311 1 
8 2     174.83    874.15  25  0.08  3.89  3.97  312 24 313 1 
9 1     526.29   5262.90  50  0.18  4.78  4.96  314 25 315 19 316 5 317 1 
9 2     158.63    793.16  25  0.22  3.53  3.75  318 22 319 1 320 1 321 1 
9 2     170.79    853.94  24  0.18  3.80  3.98  322 12 323 4 324 2 325 6 
