3 10 299

   0   200     8    80    25
   1    50     8   110    10
   2    25     4    45     5

   0  -79.07  -32.31  685    3    4    5
   1   91.01  -37.86  626    3    5    2
   2  -75.36  -86.10  816    5    2    5
   3  -13.82   -7.45  358    1    3    1
   4   51.88  -49.65  288    0    5    5
   5   44.16  -89.26  100    0    0    0
   6   96.51   28.74  593    2    4    3
   7  -27.49   93.80  150    0    1    0
   8   80.72   -9.65  152    1    0    0
   9   24.21  -13.77  158    4    1    1

   0  -98.83  -96.94   23  0.08
   1   98.26   46.22   23  0.02
   2    7.14   -7.16    8  0.06
   3   19.07   -8.09    4  0.05
   4   11.25  -12.92    3  0.04
   5   25.73  -28.57    1  0.09
   6  -61.62  -18.92   23  0.02
   7  -83.80  -20.81    6  0.01
   8  -91.47  -26.61    7  0.04
   9   78.47   48.41   25  0.04
  10  -74.92  -15.71   15  0.07
  11  -22.88  -55.00   25  0.08
  12  -22.99  -74.97    8  0.07
  13  -71.07  -72.65   19  0.01
  14  -62.30  -89.22    6  0.09
  15  -88.39  -16.17    6  0.08
  16  -85.65  -14.81    6  0.04
  17  -77.57   61.25   10  0.02
  18  -87.06  -94.06   13  0.04
  19  -10.21  -11.72    5  0.03
  20  -98.46   -5.09   13  0.03
  21  -39.86   25.97   15  0.07
  22  -91.05   -1.04    2  0.06
  23   56.57  -45.11    5  0.02
  24   94.55  -22.87   12  0.08
  25  -47.43  -64.54   10  0.01
  26  -84.18  -32.72   17  0.06
  27   59.77  -86.55    1  0.04
  28   16.09  -64.12    2  0.05
  29   -6.51  -46.14    3  0.05
  30   87.38  -38.15   10  0.09
  31  -22.15   -4.73   11  0.04
  32   93.19  -84.12   22  0.04
  33  -12.79   12.03    1  0.06
  34  -45.73   90.11    1  0.07
  35    6.76   57.81    3  0.03
  36  -67.28   17.87   17  0.06
  37  -93.17    1.07   23  0.03
  38  -37.76   81.79    4  0.03
  39   86.35  -43.29    2  0.05
  40  -91.84  -28.14    4  0.06
  41   48.35   94.84   25  0.01
  42  -19.09   60.92   11  0.08
  43  -46.90  -50.09    4  0.04
  44   59.80    6.87    4  0.06
  45  -38.14  -49.97    6  0.05
  46  -97.72  -49.58    2  0.04
  47  -67.23    6.09   11  0.07
  48  -94.09  -23.32   10  0.05
  49  -39.57  -57.74   15  0.05
  50  -45.60  -43.65    6  0.01
  51  -29.58  -46.03    4  0.08
  52  -19.32  -84.38   14  0.07
  53  -27.16  -43.31   10  0.03
  54  -88.65   -2.44    5  0.03
  55  -63.39  -30.92   16  0.09
  56  -30.29  -38.13    2  0.05
  57  -67.98  -24.68    1  0.01
  58  -56.02  -55.39   17  0.07
  59  -62.12   22.88    8  0.06
  60   18.12   39.28   19  0.01
  61  -62.35   59.03   22  0.08
  62   73.63   31.76    4  0.01
  63   84.32  -29.27    3  0.05
  64   -0.19  -93.08    9  0.02
  65   30.94  -57.38   24  0.02
  66   86.98  -50.08    7  0.06
  67   86.44  -47.45   21  0.02
  68  -48.73  -78.80    5  0.02
  69   70.70   41.45   13  0.03
  70   69.74  -40.40   17  0.02
  71   40.42  -86.54   17  0.02
  72   39.29  -24.48   16  0.02
  73   66.50  -45.97   10  0.08
  74   57.69  -45.85    3  0.09
  75   78.21  -34.10   22  0.02
  76   -4.91   -1.95   10  0.02
  77  -92.50  -97.71   21  0.08
  78   83.20   80.57   24  0.09
  79   87.13   63.50   11  0.02
  80   77.35   35.61   12  0.03
  81   98.87   -5.54   16  0.02
  82   30.03  -49.59   15  0.02
  83  -20.63  -77.11   10  0.08
  84  -18.00   65.08    5  0.01
  85  -69.62  -76.46   15  0.04
  86   64.10   18.01    2  0.09
  87  -14.97  -19.91    1  0.01
  88   65.17  -17.76    1  0.01
  89   62.67  -26.91    1  0.02
  90  -97.44   54.69   21  0.04
  91   14.16   -7.14   18  0.03
  92  -23.02  -61.87    2  0.05
  93  -61.13   66.49    1  0.01
  94   18.79   94.98    8  0.05
  95  -94.09   78.70   19  0.09
  96    5.97  -67.85    1  0.04
  97  -47.86  -63.60   11  0.05
  98  -35.96  -95.50   16  0.03
  99  -15.56  -67.64    2  0.09
 100  -70.78  -58.32    1  0.04
 101   60.10  -69.25   19  0.01
 102  -52.59   -0.11    4  0.03
 103   43.49  -93.19    5  0.04
 104  -73.64   -7.10    9  0.02
 105  -29.27   72.85    1  0.01
 106   25.40   99.14    9  0.08
 107  -26.37   27.95    2  0.01
 108  -13.84  -69.35   13  0.04
 109   59.57   31.22   11  0.02
 110   -0.28    8.08   23  0.01
 111   91.36   53.82    3  0.01
 112   54.94  -76.29   19  0.09
 113   92.07  -57.92    3  0.06
 114   62.33  -69.60    1  0.05
 115   80.55  -76.26   18  0.07
 116   87.83  -16.21    7  0.03
 117   45.26   20.93    4  0.04
 118   97.22   94.23   18  0.08
 119   91.22  -77.27   24  0.07
 120   32.32  -27.89   13  0.02
 121  -18.74   69.76   24  0.01
 122   66.24   95.46    5  0.03
 123   38.41   95.71   17  0.06
 124   72.97   17.44   21  0.07
 125   84.22    0.66   10  0.06
 126  -12.87  -92.13   14  0.05
 127   -8.60  -70.91   20  0.04
 128   53.48    4.97   25  0.01
 129  -34.91   93.71   23  0.01
 130   35.17  -29.34   14  0.05
 131  -57.48   -1.93   16  0.09
 132  -73.76  -86.10   16  0.07
 133  -76.74  -84.65   20  0.01
 134   59.88    9.28    9  0.05
 135   26.88  -46.35    6  0.04
 136  -58.20   13.27   22  0.05
 137  -35.62   32.66   13  0.03
 138   37.93   22.19   18  0.04
 139   25.85    0.00    6  0.05
 140  -64.41  -50.79   20  0.04
 141  -75.35  -64.25   11  0.05
 142   16.90  -41.26   14  0.01
 143   -7.59  -25.92    2  0.09
 144  -52.67  -80.69   25  0.07
 145  -56.20   -2.03    8  0.06
 146    7.21   69.68   21  0.03
 147   31.37   22.42    9  0.05
 148    4.92    9.64    1  0.04
 149  -16.92  -55.31   18  0.01
 150  -30.62  -71.03    3  0.01
 151  -68.53  -95.83   18  0.04
 152   53.81   82.64    8  0.01
 153   37.96   46.79   18  0.07
 154  -22.54   38.34   17  0.06
 155   14.01  -72.91    1  0.06
 156   81.65   42.91    3  0.01
 157  -57.20    1.22    1  0.09
 158  -81.97  -81.66    1  0.02
 159  -78.45  -70.17    1  0.08
 160   46.81   15.65    5  0.05
 161   72.46   75.02   23  0.03
 162   58.02  -38.92   11  0.04
 163  -37.31  -62.59    5  0.01
 164   51.44    4.63    5  0.04
 165   78.51    8.64    1  0.04
 166  -15.77  -21.52   13  0.02
 167  -24.01  -31.40    7  0.03
 168  -66.63  -45.58   20  0.09
 169  -68.10  -45.79    2  0.06
 170  -54.47  -56.02    1  0.01
 171  -33.00  -72.86    2  0.04
 172  -70.71   -1.38    5  0.09
 173  -83.45  -64.64   10  0.07
 174  -58.27  -62.54   14  0.05
 175  -96.33  -93.19    5  0.03
 176  -73.80  -89.80    2  0.01
 177  -79.26  -98.74    3  0.06
 178  -31.12  -63.10   13  0.01
 179  -80.14  -70.96    8  0.01
 180  -52.46  -58.44    3  0.09
 181    8.99  -73.09    3  0.03
 182  -68.96   34.73   14  0.02
 183   33.39  -69.64   22  0.08
 184  -85.36    4.06    6  0.07
 185  -44.49  -13.71    4  0.08
 186  -22.25   -5.28   15  0.04
 187   -5.07  -23.62   23  0.01
 188  -76.88   45.62   17  0.08
 189  -69.35  -96.31   12  0.08
 190   37.97  -96.20   21  0.08
 191   38.00   25.04   23  0.06
 192   55.07   52.10   21  0.05
 193   -1.71  -26.34    6  0.03
 194  -24.22  -52.44   12  0.05
 195  -72.73  -61.18    5  0.03
 196    8.77   65.83    4  0.07
 197  -86.22   34.53   22  0.02
 198   50.65  -88.75    7  0.01
 199  -14.50   70.18   16  0.06
 200  -10.94   74.50    5  0.01
 201  -33.32   12.52    1  0.03
 202   79.04   76.58   19  0.09
 203  -59.64   86.36   15  0.06
 204  -18.72   45.18   10  0.01
 205   36.14  -18.24    1  0.04
 206  -33.11  -39.89    3  0.04
 207   57.63  -86.45   23  0.09
 208    2.59  -36.08   20  0.07
 209   15.49  -55.20    4  0.06
 210   94.73  -19.98    1  0.01
 211  -29.91  -19.09    2  0.09
 212   53.25  -60.09   11  0.07
 213   77.76  -31.95    1  0.09
 214  -88.90   82.26    8  0.06
 215  -53.86   77.86   17  0.03
 216  -87.86   82.48    5  0.01
 217   98.52  -95.97    4  0.04
 218   51.05   -0.94    4  0.03
 219  -53.66  -33.88   17  0.03
 220  -87.33   30.14   22  0.05
 221  -69.60   41.43    3  0.05
 222    3.56  -16.24    8  0.09
 223  -29.62   20.95   22  0.08
 224  -14.47   38.77   23  0.09
 225  -12.76   72.08    3  0.01
 226  -11.04   86.17    1  0.03
 227   13.11    7.45    1  0.07
 228  -17.59  -94.46    3  0.05
 229   20.47  -55.37   12  0.03
 230   28.20  -58.91    9  0.02
 231   43.86   24.08    2  0.02
 232   30.84   12.65    6  0.01
 233   42.16   10.81    5  0.07
 234   45.20  -34.22    1  0.04
 235   35.59  -85.45    1  0.05
 236   40.12    0.08   24  0.04
 237  -64.90  -88.65    8  0.07
 238  -69.99   -5.37   20  0.04
 239  -62.80  -36.31   23  0.05
 240  -78.43  -10.48    2  0.09
 241  -15.71  -86.54   24  0.07
 242   85.81    9.81   23  0.02
 243  -44.60   96.52   15  0.04
 244  -78.72  -34.94   18  0.03
 245   17.34   45.24   12  0.08
 246   29.25  -45.35   19  0.05
 247   29.47  -51.24   25  0.03
 248   43.22  -37.93    6  0.02
 249  -27.55   45.77    6  0.08
 250    2.53  -28.55   14  0.04
 251  -72.97   28.69   24  0.03
 252   57.99   -9.80    4  0.09
 253   80.14  -45.60    2  0.05
 254   22.87  -16.30    1  0.04
 255  -87.40   26.57   19  0.01
 256  -35.08  -45.27   14  0.08
 257   74.99  -13.72    3  0.01
 258   28.19  -65.82    5  0.07
 259   -4.05   79.58    5  0.08
 260  -45.32   32.95    3  0.06
 261   31.31  -50.13    5  0.02
 262   97.27   59.99   15  0.07
 263   61.46  -88.55   12  0.09
 264   64.29   65.13   11  0.02
 265  -19.43  -55.25    7  0.08
 266  -87.17   22.63   23  0.05
 267   85.76  -27.12    3  0.08
 268   56.65  -48.18   17  0.07
 269   92.08  -31.98    1  0.02
 270   42.95   93.23    6  0.09
 271   86.66   35.81   22  0.09
 272   32.38   69.98    2  0.08
 273   69.55   72.03   18  0.01
 274   45.75   79.15    7  0.05
 275   94.71   26.39   25  0.05
 276  -92.04   46.41   21  0.04
 277  -61.21   97.83   25  0.09
 278  -50.92  -27.75    3  0.02
 279  -79.36  -73.59    1  0.01
 280   65.38   60.06    1  0.09
 281   25.78   75.70   18  0.07
 282  -63.30  -23.04   14  0.01
 283   66.19    1.33   10  0.09
 284  -44.37  -19.80    9  0.01
 285  -91.96   92.17   14  0.03
 286  -38.86  -14.26   22  0.07
 287   50.75   38.89    6  0.03
 288   75.39  -84.82   13  0.04
 289   19.56  -50.16   13  0.06
 290   30.22  -39.16    4  0.03
 291   30.25  -20.86   20  0.05
 292   97.07  -56.85   15  0.03
 293   73.79   95.52   15  0.04
 294  -97.40    0.32   14  0.07
 295  -45.23  -28.47   15  0.01
 296  -53.79  -33.26    3  0.04
 297   -6.54   15.44    2  0.08
 298  -96.73   46.57    2  0.04
