2 2 69

   0   200     8    80    25
   1    50     8   110    10

   0   84.15  -57.88  405    3    1
   1   51.01   36.90  449    4    1

   0   41.58  -89.22   18  0.09
   1  -75.43   84.63   18  0.06
   2   81.66  -32.92   21  0.02
   3   37.79  -20.65   18  0.06
   4   81.55  -44.91    1  0.01
   5   52.97  -50.35   19  0.04
   6    2.91  -22.57    4  0.02
   7  -79.82   54.02   15  0.08
   8   48.42  -22.68   23  0.04
   9   10.73  -86.54    9  0.05
  10   18.64    0.74   19  0.08
  11   74.14  -31.82    6  0.01
  12   68.46  -45.32    9  0.06
  13   59.43  -93.31    3  0.03
  14   50.49   75.37   25  0.08
  15   35.78   65.16   12  0.02
  16  -40.72    3.48    8  0.03
  17   46.45   -3.92   22  0.02
  18   79.60  -33.00    5  0.02
  19   31.41  -56.76    7  0.05
  20   61.77  -54.27   18  0.02
  21   80.65  -37.20   25  0.06
  22   96.08   60.73    3  0.08
  23   63.60  -95.42   20  0.05
  24   62.95  -71.51   22  0.01
  25   55.12  -66.57    2  0.04
  26  -41.75   31.60    1  0.07
  27    6.33   93.88    1  0.01
  28   69.04  -82.05    1  0.07
  29  -64.90  -58.62   15  0.08
  30  -60.93   -0.36   11  0.05
  31  -53.86   70.50    9  0.04
  32   88.47   65.33   18  0.01
  33   73.38  -16.75   17  0.09
  34   96.01  -24.68   21  0.08
  35   54.01   37.12   18  0.05
  36   -3.78  -17.85    1  0.01
  37   79.50   90.40   12  0.07
  38   76.03  -24.96   10  0.06
  39   95.97    7.35   14  0.04
  40   70.09   58.12   17  0.01
  41   18.01  -40.42   12  0.03
  42   37.20   -7.84   17  0.01
  43   -2.65    9.75    1  0.05
  44   11.81  -81.01    7  0.07
  45  -15.61   69.59   13  0.04
  46  -41.57   54.03    4  0.04
  47   90.80   88.54    7  0.03
  48   83.48   92.06    5  0.03
  49   84.94   10.93   19  0.08
  50   85.77   17.04    4  0.06
  51  -70.52  -32.89    4  0.06
  52  -93.47   -1.53    6  0.05
  53  -69.38  -16.56   11  0.07
  54   57.02   11.69    3  0.02
  55  -11.36   17.12   11  0.03
  56  -35.96   94.03   19  0.05
  57  -29.59   74.75   20  0.01
  58  -32.23   80.30   16  0.04
  59   14.75   53.50    2  0.01
  60   40.47   33.93    7  0.02
  61   60.31  -46.22    6  0.04
  62   53.47  -80.21    1  0.08
  63  -34.65   -8.31    4  0.07
  64   68.16  -88.51    3  0.06
  65   47.82   15.17    3  0.04
  66  -98.84  -13.41   14  0.05
  67  -80.37  -10.19   15  0.07
  68   36.48   16.72    2  0.07
