3 10 258

   0   200     8    80    25
   1    50     8   110    10
   2    25     4    45     5

   0   -0.15   42.87  289    0    5    5
   1   51.83   73.78  353    3    0    0
   2  -70.74  -45.99  244    0    1    4
   3  -97.67  -15.10  317    1    1    2
   4   80.36  -52.70   89    2    4    5
   5   33.69  -37.24  375    2    0    4
   6  -41.63  -84.61  459    1    4    0
   7  -88.90  -69.85  417    3    4    0
   8  -22.88   44.78   64    2    3    1
   9  -27.49   64.89  749    5    2    3

   0  -23.61  -83.86   13  0.09
   1   97.93  -13.85   21  0.07
   2  -85.27   97.74    3  0.02
   3  -92.88   15.89   12  0.02
   4  -73.64   39.67    1  0.05
   5   28.34  -87.58   11  0.03
   6  -73.36   91.49    7  0.09
   7   -9.63    7.04   12  0.01
   8  -68.38  -45.17    9  0.08
   9   97.18  -57.38    7  0.07
  10   -6.16   38.94    1  0.04
  11   91.87  -91.97   18  0.08
  12   68.77   88.57    5  0.05
  13  -46.37  -72.07    9  0.05
  14   89.50   -1.86   10  0.05
  15   46.84   64.67    7  0.09
  16  -39.37  -34.45    3  0.02
  17    3.56    6.73   16  0.07
  18    0.00  -10.08   25  0.05
  19  -83.00   45.28    5  0.07
  20   -3.75   -2.34    1  0.03
  21   81.85  -50.48   16  0.04
  22  -94.58   42.08   18  0.04
  23  -29.67  -38.18   16  0.09
  24   -4.03  -38.80   23  0.03
  25   -6.82  -38.04    2  0.05
  26  -72.14   58.29    3  0.08
  27  -79.47   62.90   15  0.02
  28   31.37   83.02    3  0.06
  29   66.35  -55.12    8  0.08
  30   75.20   33.04   14  0.02
  31  -65.86  -55.71   23  0.01
  32  -47.01    3.71   20  0.02
  33  -13.37   65.75    7  0.06
  34  -77.85  -51.76    6  0.05
  35  -71.51  -43.91   23  0.05
  36  -85.53   49.91    1  0.01
  37  -52.57   95.26   10  0.01
  38  -60.70   85.88   19  0.03
  39  -22.82   89.24   20  0.04
  40  -47.30   96.19    2  0.04
  41    4.35    0.91   17  0.05
  42    8.70   22.92   19  0.03
  43   17.98    0.11   19  0.07
  44  -12.35  -87.70    1  0.03
  45  -56.42  -79.68    3  0.01
  46  -60.46   90.08   16  0.04
  47   56.38   42.52    5  0.09
  48   76.04   77.35    4  0.07
  49   51.46   92.72   13  0.05
  50   80.50   64.37   22  0.01
  51   33.72   51.01    7  0.02
  52  -16.52  -12.09   20  0.03
  53   26.39  -31.06    1  0.08
  54  -45.95  -20.07   16  0.06
  55  -89.50  -28.13    2  0.07
  56  -44.10  -55.42    2  0.07
  57  -77.08   31.03    9  0.01
  58  -54.77   26.74   16  0.06
  59  -63.32   -4.57   10  0.01
  60  -74.51  -12.32    9  0.03
  61  -70.31  -35.47    5  0.02
  62  -84.05  -16.60   25  0.05
  63  -69.64   89.34   22  0.09
  64  -59.55   -6.89    9  0.06
  65  -21.34   15.12   20  0.03
  66  -94.48  -69.08    3  0.04
  67  -63.11  -54.75   24  0.06
  68    5.33  -71.54   16  0.09
  69  -25.24  -18.30   13  0.08
  70  -75.09  -13.42   15  0.01
  71  -68.93  -11.66   15  0.05
  72    7.44   52.71   14  0.08
  73  -66.95  -52.61    5  0.04
  74   81.27    9.87    4  0.03
  75   92.59   -0.20    1  0.05
  76   52.75  -52.49    4  0.07
  77   50.33   40.02    6  0.04
  78  -83.69   62.83    1  0.01
  79  -61.56   26.72   23  0.08
  80  -86.49   -2.89    2  0.02
  81  -74.36  -59.71    6  0.02
  82  -93.88  -87.56    2  0.07
  83  -78.47  -71.00    8  0.06
  84  -84.88  -31.05    4  0.06
  85   33.71  -91.30   10  0.05
  86  -39.43   76.11    5  0.07
  87   -4.64   71.77    9  0.07
  88  -40.73   92.60   22  0.06
  89   55.04   52.55   15  0.08
  90   71.19   -9.16    1  0.08
  91   96.46  -69.63   14  0.01
  92   76.35  -52.32    5  0.01
  93   89.35  -98.93    4  0.06
  94   97.23   26.37    3  0.03
  95   95.63   -2.86    1  0.02
  96   58.02   96.75   13  0.04
  97   17.58  -60.40    8  0.06
  98  -44.07   44.97   22  0.01
  99   17.00   26.27   20  0.04
 100   40.27  -52.28    2  0.08
 101   21.07  -31.36    4  0.08
 102   72.72  -76.73   23  0.03
 103   89.65  -25.14    8  0.02
 104   49.63  -50.45   20  0.01
 105   43.62   13.77   25  0.02
 106   13.94  -22.20    3  0.08
 107   58.70  -81.80    9  0.01
 108    9.06  -51.07   10  0.08
 109   82.86   14.76    3  0.04
 110   58.68  -29.80    3  0.03
 111   42.79  -31.70    2  0.02
 112   10.71   -8.54   19  0.09
 113   61.46   11.13    5  0.09
 114   63.14  -25.35    1  0.03
 115   -2.89  -54.63   24  0.01
 116  -32.57  -90.12    1  0.07
 117   33.05   31.93   14  0.02
 118   15.63   12.71    7  0.04
 119   24.36  -16.86    4  0.03
 120  -35.20    5.91    9  0.03
 121  -34.96    2.16   16  0.06
 122   -1.20  -92.64    9  0.02
 123   67.20   41.71    7  0.01
 124   79.21   49.19   22  0.01
 125  -30.44   51.16   25  0.04
 126    4.62   19.64   14  0.05
 127  -18.43  -86.60   18  0.07
 128   -2.31  -71.56   12  0.05
 129  -18.24  -72.69   24  0.02
 130  -20.92  -84.25    6  0.08
 131  -60.53  -55.70   24  0.07
 132  -82.90  -46.58   20  0.07
 133    8.81  -92.47   16  0.09
 134   -7.22   12.76   12  0.05
 135   87.30  -12.47    1  0.02
 136  -15.96   12.57    1  0.06
 137  -32.56   47.96    6  0.06
 138  -14.15   29.98    1  0.01
 139   91.02  -94.81   25  0.07
 140  -66.23   39.20   11  0.04
 141  -44.47  -95.44    4  0.01
 142  -64.65  -89.18    1  0.06
 143  -31.83  -71.65    1  0.06
 144   73.59  -47.64   22  0.04
 145  -94.48   48.54   18  0.06
 146   46.34  -63.98    9  0.07
 147  -26.19    8.50    1  0.03
 148  -83.32   98.66   14  0.04
 149   43.09   30.54    7  0.08
 150  -44.22   52.98   18  0.01
 151   68.29  -67.39    9  0.09
 152   52.36   35.19    1  0.09
 153  -69.53   28.94    2  0.02
 154  -14.30   12.36    6  0.09
 155    9.13   48.89    8  0.07
 156   10.11   60.80    6  0.06
 157   30.20   14.53   23  0.06
 158   11.66   55.36   12  0.04
 159  -58.09   13.06   15  0.01
 160  -45.75   65.50   15  0.01
 161  -94.52  -32.23    9  0.08
 162   82.88  -84.08   19  0.05
 163   99.94   59.68    1  0.02
 164   75.42   -2.26    1  0.07
 165   80.81   31.65   22  0.04
 166   -5.36  -34.26    7  0.04
 167  -39.39  -44.26    1  0.05
 168  -83.93   10.42   21  0.06
 169  -79.94   12.95   21  0.09
 170   56.06  -25.03   12  0.02
 171  -80.96  -85.78   23  0.02
 172  -49.35  -51.72   13  0.01
 173  -33.46  -95.21    2  0.02
 174  -67.25  -61.50   23  0.07
 175  -60.03  -33.56    2  0.06
 176  -69.23  -24.25    2  0.03
 177   76.76   99.21   23  0.09
 178   47.41  -96.83    1  0.04
 179   13.59  -77.13   11  0.08
 180  -30.51  -91.40    3  0.06
 181  -72.70    7.25    6  0.07
 182  -97.13  -71.19    6  0.03
 183  -30.51  -30.35   18  0.06
 184  -84.62   -3.23    7  0.07
 185  -42.07   10.78   12  0.02
 186  -11.23  -40.93    3  0.03
 187  -41.98    2.79    8  0.02
 188  -36.20   45.21    2  0.01
 189  -41.09  -35.76    8  0.09
 190  -59.92   44.03   18  0.08
 191   58.62  -24.84   12  0.03
 192   64.09   76.84    1  0.09
 193  -78.66  -25.51    1  0.01
 194  -85.22   55.73    4  0.06
 195  -76.91   74.64    4  0.06
 196  -69.15  -72.15    2  0.05
 197   25.79   51.42    1  0.02
 198   44.46   49.62   21  0.08
 199   37.92  -66.43    7  0.05
 200  -81.47  -45.86   24  0.01
 201   37.85   62.87    8  0.06
 202   56.26   26.55    1  0.09
 203  -24.64   35.52    2  0.09
 204    9.59  -27.11    1  0.08
 205  -96.39   87.55   24  0.02
 206  -46.44   59.15   12  0.07
 207   63.64  -92.27   12  0.01
 208   49.41  -33.87   25  0.04
 209   78.17  -47.58   22  0.06
 210  -13.15   99.10   25  0.01
 211   22.47  -60.38   18  0.02
 212    5.60  -45.58   17  0.05
 213  -20.80   86.04    1  0.07
 214  -34.71   58.52    2  0.07
 215  -85.36   77.10    4  0.07
 216   -6.16    2.41   19  0.02
 217   -7.01   26.37   22  0.07
 218  -47.28   76.23   21  0.01
 219   99.29  -90.42   10  0.03
 220  -78.12  -10.57   12  0.02
 221   -5.45  -12.37   11  0.05
 222  -22.64   98.10   16  0.06
 223  -28.05   94.70   23  0.09
 224  -81.33  -64.63   20  0.02
 225   -5.83   -6.23   21  0.06
 226  -46.76   -9.06    3  0.01
 227   51.70   -8.89    1  0.06
 228   93.44   18.27    3  0.03
 229   -6.62   15.37   23  0.03
 230  -14.35   70.30   20  0.06
 231  -12.91   38.37   14  0.01
 232   10.97  -73.86   16  0.01
 233   22.09  -75.17    4  0.08
 234   10.38   44.66   21  0.05
 235   65.88  -28.53    8  0.03
 236   45.69   51.38    8  0.04
 237  -55.29   93.51   19  0.08
 238  -32.04   68.58    7  0.05
 239  -68.56  -49.61   22  0.07
 240   28.63  -53.49   10  0.01
 241   81.28   92.75    8  0.01
 242  -44.40   -1.12    4  0.05
 243    9.32  -42.18    6  0.06
 244  -85.07  -80.63   11  0.07
 245   79.62  -77.10    2  0.04
 246   32.34   64.09   13  0.09
 247  -98.23   88.47    4  0.09
 248  -39.25   84.77   17  0.04
 249   46.86   75.10    1  0.07
 250  -88.78   76.17   25  0.07
 251   50.46   64.78    3  0.03
 252   -2.86   76.55   14  0.06
 253  -17.97   59.03    7  0.08
 254  -40.57    4.49    7  0.03
 255  -26.22    5.88    2  0.04
 256  -58.89   19.47    1  0.07
 257  -39.32   44.81    8  0.03
