3 10 445

   0   200     8    80    25
   1    50     8   110    10
   2    25     4    45     5

   0  -26.46  -48.85  925    5    5    1
   1   64.89  -30.10  719    3    5    3
   2  -72.28  -59.36  564    2    3    4
   3   -3.05   54.10  622    3    2    4
   4   70.87   81.64  684    3    5    3
   5   37.18   12.08  358    1    2    5
   6   71.08   19.83  596    5    2    5
   7  -68.43  -81.96  244    0    1    4
   8   78.31   26.63  166    1    0    5
   9  -10.25  -27.99  765    5    4    5

   0  -48.68  -21.56   16  0.03
   1   98.04  -60.49   13  0.03
   2  -54.46  -70.56   22  0.07
   3  -66.03   53.39    8  0.06
   4  -40.05   19.12   19  0.03
   5  -62.11   -7.76   15  0.06
   6  -53.46    0.45   13  0.01
   7  -48.11  -11.95   22  0.05
   8   61.63   78.15   12  0.02
   9   68.83   58.02   25  0.04
  10  -17.45  -94.23    3  0.02
  11  -25.65   49.11   19  0.02
  12  -46.17  -17.92   12  0.03
  13  -10.84  -30.56    8  0.01
  14   52.64  -73.61   17  0.04
  15  -43.09   18.10   15  0.06
  16  -78.14  -39.88   17  0.04
  17   96.75  -65.29    6  0.01
  18   96.32  -53.33   22  0.04
  19   22.66  -38.85   12  0.06
  20  -27.83  -57.77   25  0.07
  21    4.85  -82.58    5  0.09
  22   44.54   95.41   15  0.01
  23  -31.40   59.47   12  0.06
  24   64.93  -54.74    3  0.04
  25   38.47  -48.61    4  0.07
  26    4.59  -22.65   20  0.06
  27  -46.60  -32.89   15  0.01
  28  -33.25   -8.93   22  0.08
  29  -19.53   -4.82    5  0.05
  30  -33.87  -79.01    9  0.01
  31  -47.19  -14.26   23  0.05
  32   48.30   40.57   25  0.03
  33  -19.74   -6.56   15  0.03
  34   59.57  -35.73    9  0.04
  35   28.94   -0.56   19  0.02
  36    5.24  -10.78   14  0.06
  37   -5.26  -46.39   15  0.02
  38   17.40   68.06    4  0.03
  39   18.66  -97.27   17  0.06
  40  -61.69   58.16   10  0.01
  41    0.01   45.88    7  0.06
  42   56.40   53.16    1  0.08
  43  -97.87   -5.56    1  0.09
  44  -40.39  -39.06   10  0.05
  45   66.30   70.30   25  0.06
  46   -6.60   15.99   24  0.05
  47  -75.70  -99.53    1  0.07
  48   56.60   60.33   20  0.05
  49  -48.23  -82.14    3  0.07
  50   23.93    9.03   19  0.03
  51  -18.71   66.70    3  0.05
  52   83.85    5.19    1  0.05
  53   31.86   69.88    2  0.08
  54   -1.17  -13.82    1  0.03
  55  -48.55  -59.84   17  0.09
  56  -80.40  -80.14    7  0.04
  57   67.61  -96.32    3  0.08
  58  -94.15  -42.98    9  0.07
  59  -71.77  -57.84   11  0.06
  60   11.71   95.74    2  0.09
  61  -39.10  -90.81    1  0.02
  62   54.28   -8.82    7  0.08
  63  -92.70  -97.17    8  0.03
  64   44.73  -52.70    4  0.07
  65   -2.63  -63.95   22  0.07
  66  -41.87  -12.68    5  0.03
  67  -63.41  -65.77    4  0.04
  68   10.24  -98.59    5  0.03
  69   -8.05  -26.31   19  0.01
  70  -11.75  -48.97    1  0.02
  71  -17.88   51.10   23  0.02
  72   -2.03   22.91   11  0.07
  73   97.60   21.72   22  0.08
  74   64.35   -5.77   14  0.02
  75  -58.15   20.35   24  0.07
  76   45.47   41.07   16  0.09
  77   45.28  -21.56   15  0.05
  78   14.33   11.53   22  0.08
  79  -40.53  -20.43   23  0.02
  80  -62.77   77.86    3  0.03
  81  -90.55  -73.22   25  0.04
  82   49.94  -53.06    3  0.01
  83   27.83  -56.32   12  0.09
  84   23.83  -64.29   20  0.02
  85   58.60  -30.79   15  0.04
  86   -1.21  -73.78    1  0.03
  87   72.28   60.94    3  0.05
  88  -46.14  -35.16   15  0.09
  89   97.59  -78.16   16  0.07
  90   54.73  -63.88   15  0.03
  91  -71.26  -82.29   25  0.09
  92  -74.62   -1.49   25  0.04
  93  -24.87  -95.66   15  0.08
  94  -79.36  -44.26   18  0.09
  95  -49.83   98.89   12  0.03
  96   12.50  -13.09    1  0.06
  97  -55.26  -81.36    3  0.08
  98   63.09  -93.28    1  0.02
  99   -9.33   99.01   15  0.08
 100  -53.43   43.68    4  0.04
 101   41.74  -58.46   14  0.04
 102    8.81   -2.65    6  0.06
 103  -43.87   90.80    9  0.03
 104   88.59   30.37    1  0.03
 105   99.21  -66.40    1  0.04
 106  -56.19   48.31   23  0.03
 107  -90.95  -78.06    6  0.04
 108   -5.56   33.43   20  0.09
 109   81.05  -24.61    1  0.04
 110   23.82  -97.03    1  0.06
 111   11.35   -7.51   24  0.01
 112  -25.90   78.84   17  0.05
 113   62.51  -11.65    7  0.09
 114  -14.17  -32.48    1  0.01
 115  -14.77    0.18   23  0.09
 116   23.43   18.99   21  0.09
 117   65.60   -4.25    1  0.07
 118   64.27  -35.61    1  0.02
 119  -15.07  -29.57   20  0.03
 120   25.63  -30.46    5  0.04
 121  -50.52  -78.98    3  0.01
 122  -88.68   -5.73   11  0.04
 123   35.23   47.64   25  0.04
 124   63.33  -32.79   20  0.08
 125  -66.89  -47.25    5  0.09
 126  -28.26  -10.50   21  0.08
 127  -69.32  -58.79   25  0.08
 128  -11.43   66.38   12  0.07
 129   -1.04  -99.32   18  0.08
 130  -34.78  -19.02   20  0.01
 131  -69.53   33.50    7  0.01
 132  -83.09  -52.35   25  0.08
 133  -83.95  -53.25    8  0.08
 134  -59.49  -35.16    8  0.08
 135  -67.04  -52.00   24  0.03
 136   19.42  -24.35   15  0.08
 137    8.41  -55.63    9  0.08
 138  -13.83  -81.49    5  0.08
 139  -60.93  -39.12   17  0.06
 140   82.47  -46.85    1  0.02
 141   31.98   22.77    1  0.01
 142   51.24   46.60    1  0.09
 143   52.42   95.38    1  0.04
 144  -59.44   73.35    1  0.05
 145   82.84   -6.56   20  0.01
 146  -10.39  -20.37   15  0.06
 147  -87.03  -32.76    5  0.08
 148   98.46  -45.83    1  0.09
 149   98.00  -32.42    1  0.02
 150  -38.12  -55.13   10  0.05
 151  -51.41   31.72   16  0.09
 152  -67.37   38.48   16  0.04
 153   -0.59  -63.60    4  0.03
 154   -8.62   87.38    2  0.09
 155   47.54   51.10    2  0.09
 156  -14.98  -48.24   11  0.02
 157  -76.63  -52.05    8  0.03
 158  -78.24  -36.00    2  0.08
 159    5.62  -87.50   18  0.01
 160    2.55  -83.74    1  0.04
 161  -35.42  -63.82    3  0.05
 162  -92.57  -90.94    2  0.05
 163  -81.85  -30.60   13  0.06
 164  -47.74  -31.39    7  0.09
 165  -65.11  -96.09    1  0.06
 166  -33.17  -95.61   23  0.04
 167  -39.94  -10.76   20  0.04
 168   53.13   25.59   15  0.06
 169   39.67   47.40   21  0.08
 170  -48.20   18.81    7  0.03
 171    3.67   41.33   18  0.07
 172   75.37  -44.47   24  0.05
 173   54.64   10.48   12  0.05
 174    0.00   31.75   22  0.01
 175   44.46  -29.42   17  0.03
 176  -28.26  -49.09   25  0.08
 177   19.52  -53.78   20  0.05
 178   -8.32   21.67    1  0.02
 179  -60.89   53.68    8  0.07
 180   -2.14  -41.62   19  0.08
 181  -29.23    7.15   11  0.06
 182   11.32   34.33    2  0.07
 183  -21.56  -75.61    8  0.09
 184   83.19   71.91    5  0.09
 185  -43.06   48.00   25  0.08
 186  -83.01   56.20    3  0.03
 187  -74.20   19.52   12  0.01
 188  -59.67   22.01   22  0.04
 189  -46.29   52.13   13  0.02
 190   33.14   74.10   17  0.03
 191   82.60   33.66    4  0.01
 192  -40.31  -44.56   14  0.07
 193  -93.44   83.53    2  0.07
 194   64.70   86.87    4  0.05
 195   13.60    4.74    8  0.02
 196  -17.15  -21.66    1  0.08
 197  -98.43  -30.68   14  0.05
 198    8.37   72.35    5  0.05
 199  -20.49  -13.56   13  0.09
 200  -29.83   25.24   15  0.09
 201  -47.11   56.00    3  0.01
 202  -30.01   -0.57   20  0.03
 203    5.91   77.03    1  0.01
 204  -60.21   14.08    9  0.07
 205  -20.98   77.12   12  0.02
 206   36.52   -4.09    6  0.09
 207   22.72   36.32   17  0.07
 208   -3.70   59.42    2  0.02
 209    3.62   52.63   16  0.09
 210   10.22   64.06    7  0.06
 211  -30.31   10.20    1  0.06
 212    0.68   49.14    1  0.04
 213   26.07  -35.59   11  0.08
 214  -50.31  -21.75    7  0.09
 215   25.33  -89.08    2  0.07
 216  -41.69   43.58   14  0.07
 217   53.03   26.88   17  0.07
 218  -23.67   92.98   22  0.04
 219  -68.51    0.96   13  0.02
 220   20.67   13.70    4  0.07
 221   81.78   94.28   11  0.09
 222   86.17   16.04   15  0.02
 223   71.23    8.29   16  0.02
 224   47.45   28.93    5  0.09
 225   69.33   39.44    4  0.05
 226   81.87   77.71   16  0.06
 227   -6.93  -52.12   25  0.08
 228  -31.24   68.95    6  0.02
 229  -91.53   69.84    3  0.05
 230  -95.43   25.49    1  0.04
 231  -93.56    8.17   12  0.03
 232   20.67   23.40   14  0.01
 233   58.52   74.93   23  0.07
 234   75.01   76.59   19  0.09
 235   47.11   52.53   25  0.09
 236   83.84  -17.11   13  0.01
 237   41.34   79.04   11  0.04
 238   12.30  -40.79    1  0.07
 239   33.88   35.49   14  0.01
 240  -31.93   63.62   13  0.05
 241   61.41   20.32   15  0.08
 242  -98.26   63.17    8  0.01
 243   42.11   42.22    4  0.05
 244  -72.87  -25.62    4  0.02
 245  -35.75   46.41   25  0.03
 246  -90.81  -90.89   13  0.08
 247  -96.33    2.41    2  0.02
 248  -93.22  -98.14    1  0.02
 249   34.84   -9.86   18  0.03
 250  -93.97  -92.54   22  0.04
 251  -43.95   32.70    2  0.01
 252  -74.09  -43.67    4  0.08
 253   90.53  -76.82    4  0.04
 254   62.71  -43.90   16  0.02
 255   86.01  -92.47    3  0.04
 256  -55.47    0.66    7  0.06
 257  -33.73  -49.15    3  0.05
 258  -80.61  -12.22   21  0.01
 259   73.40   89.30   25  0.09
 260   17.16   72.91    6  0.02
 261    9.07   93.73   15  0.07
 262   76.68   99.27    4  0.03
 263   96.04   89.59   19  0.04
 264   93.48   23.53    2  0.08
 265   73.86   64.74    4  0.05
 266   43.65   94.84   10  0.08
 267   46.95   14.59    3  0.05
 268   79.67  -80.63    9  0.06
 269  -54.16   50.53   13  0.04
 270   44.50    6.46   23  0.01
 271   67.25   14.87    7  0.05
 272  -83.01  -30.37    3  0.09
 273   50.06  -32.74    4  0.04
 274   78.28   77.86   18  0.08
 275   49.95  -50.14    6  0.07
 276   -1.14   27.34   12  0.03
 277   55.72   86.07    4  0.08
 278   78.21   46.90    1  0.03
 279   96.57   55.55    1  0.08
 280   -9.21  -62.73   17  0.03
 281  -29.25   19.39    7  0.03
 282   61.81    1.91   20  0.03
 283  -21.76  -72.89    5  0.07
 284   72.46    1.17    1  0.09
 285   72.45  -46.30    5  0.07
 286   15.44  -11.59    5  0.01
 287   12.18  -10.74    4  0.07
 288   29.40   94.07    3  0.02
 289   51.70   31.08    2  0.08
 290   42.92   20.58   10  0.04
 291   25.73  -35.83   11  0.07
 292   51.07   45.04   12  0.05
 293   -1.36   -6.78    4  0.02
 294   52.76   31.35    3  0.05
 295   67.79   40.53    6  0.07
 296   65.12   38.99    4  0.02
 297    4.42  -29.43   15  0.02
 298  -11.97   13.31    7  0.07
 299   27.43   32.02    3  0.09
 300  -32.04   14.53   14  0.02
 301   82.62  -29.16   24  0.08
 302   10.58   23.64   23  0.02
 303   85.88   73.26   24  0.02
 304   26.99    7.18    6  0.09
 305   63.12    6.65    2  0.04
 306   66.26  -28.63    1  0.04
 307   67.14  -27.07    2  0.01
 308  -22.40   93.18   12  0.09
 309   17.33   -1.66   16  0.03
 310   30.40  -46.52   25  0.06
 311  -89.52  -91.45    6  0.06
 312   64.06   -5.77    2  0.03
 313   67.36   12.42   10  0.09
 314   66.94   17.23   17  0.06
 315  -94.52  -27.37    2  0.02
 316  -98.84  -88.15   20  0.08
 317   95.32  -47.69   13  0.07
 318   27.26   -7.99   16  0.05
 319   86.15   39.52   20  0.04
 320  -24.38   23.05   16  0.05
 321   17.28  -32.52   22  0.08
 322   32.22  -50.66   25  0.03
 323  -68.39   25.56    4  0.08
 324  -21.57   41.87   11  0.07
 325   93.26  -29.73    3  0.08
 326   36.19  -10.08   24  0.03
 327  -89.39   62.67   18  0.01
 328  -50.35  -62.62    2  0.04
 329    6.25  -90.34   18  0.08
 330  -51.64  -51.67   21  0.03
 331   12.60   22.72    5  0.03
 332   25.72   31.58   12  0.05
 333   51.99   23.63   21  0.01
 334   72.29    5.53   22  0.05
 335   -8.29   -3.54    9  0.09
 336    5.23  -60.72   19  0.09
 337  -51.09  -70.91    8  0.06
 338   11.32  -95.13   13  0.04
 339   -1.78    4.70    1  0.03
 340  -63.94  -19.92   23  0.07
 341   -8.49  -77.32    8  0.07
 342   16.28   61.56   13  0.01
 343   61.97  -61.00    5  0.03
 344  -91.62   13.45    1  0.03
 345  -11.12   29.11    1  0.06
 346   59.78   23.89    7  0.02
 347   70.06   25.35    6  0.06
 348   13.70  -44.43    3  0.01
 349  -68.40  -96.69   20  0.05
 350   87.65  -40.89   23  0.09
 351  -38.44  -29.83    7  0.08
 352  -28.18  -68.19   18  0.08
 353  -63.02  -40.63    3  0.08
 354  -66.10  -30.71    4  0.04
 355  -11.51  -75.61   15  0.09
 356   -2.80  -54.13    5  0.04
 357    2.76  -61.47    4  0.04
 358  -55.33  -91.43    1  0.02
 359  -67.64  -85.66    1  0.01
 360  -55.35  -20.18   13  0.09
 361  -49.43  -80.32    4  0.03
 362  -64.10  -96.65    1  0.06
 363  -38.68  -53.36   25  0.01
 364  -15.54   79.24   14  0.06
 365  -78.01   73.91    3  0.02
 366   70.77  -35.78   12  0.02
 367   64.47    5.46   15  0.04
 368   84.12  -74.70    7  0.09
 369   60.76  -12.19   20  0.02
 370   89.21    7.75    8  0.04
 371   94.38    7.88   13  0.03
 372   94.09   82.27   22  0.02
 373   88.98   33.84    1  0.06
 374   70.22   34.43    2  0.05
 375   -2.21   61.12    5  0.09
 376   48.87  -18.01   16  0.01
 377   31.20   32.95    5  0.02
 378   71.68   18.96    4  0.05
 379   67.53    4.24    8  0.01
 380   26.48   57.76   10  0.03
 381   32.95   44.20    1  0.04
 382  -49.41   54.77    4  0.05
 383   65.78  -98.01   19  0.06
 384   93.77  -64.37   16  0.03
 385   -0.84    1.06    8  0.04
 386  -45.94  -11.26    1  0.08
 387  -48.87  -49.59   24  0.05
 388  -33.13  -49.69   13  0.06
 389   -3.56  -21.74    3  0.09
 390   65.86   82.53   18  0.03
 391  -41.44   71.03   23  0.03
 392  -79.57  -87.84    5  0.05
 393   -6.15  -76.21    5  0.06
 394  -72.02  -57.55   18  0.01
 395  -75.64  -51.77    5  0.01
 396   51.45   48.98   24  0.06
 397   13.66   21.27   17  0.03
 398    3.27   78.07    7  0.03
 399  -24.76    3.53   16  0.07
 400   90.80  -31.01   11  0.06
 401  -25.11   38.95    9  0.07
 402  -21.17   68.18   15  0.07
 403  -36.35   -7.66   19  0.01
 404   17.04  -71.09    6  0.01
 405  -19.04   -8.35    5  0.03
 406   63.19   96.45   19  0.01
 407   52.47    9.40    1  0.07
 408   66.86   57.54    5  0.06
 409   38.90   35.44    6  0.01
 410   99.87  -71.17    4  0.02
 411  -82.32   60.85    4  0.08
 412  -18.36  -11.52   19  0.07
 413    3.86   29.67   25  0.07
 414   91.96   40.72    5  0.05
 415  -92.31  -72.48    6  0.02
 416   69.06  -84.90    7  0.05
 417  -94.95  -77.72    6  0.05
 418  -90.35  -50.05    1  0.01
 419   92.03  -72.75   22  0.08
 420   91.84   -1.54   24  0.04
 421    2.75  -12.23    3  0.08
 422   78.75  -44.11    1  0.01
 423   15.65  -84.94   21  0.04
 424   58.02   11.58   25  0.06
 425  -30.78  -34.20    3  0.05
 426  -96.53   97.79    1  0.01
 427   -1.65   27.25   16  0.02
 428   53.66  -76.06    9  0.02
 429  -29.90   67.52   18  0.01
 430  -44.87  -87.27    2  0.03
 431  -52.23   30.62    3  0.04
 432  -17.74   98.26    2  0.01
 433  -53.40  -27.36   21  0.03
 434    3.42  -79.53    4  0.02
 435  -74.85   -8.19    5  0.03
 436  -44.06    1.56   16  0.04
 437  -19.01  -32.24    3  0.06
 438  -76.55    4.01   18  0.09
 439  -56.20  -29.98    3  0.06
 440  -30.56   26.14    9  0.03
 441  -25.60  -47.73    3  0.01
 442  -14.50  -28.78    4  0.01
 443  -19.01  -33.10    8  0.09
 444   42.34  -92.92   22  0.05
