1 1 14

   0   200     8    80    25

   0  -47.38   83.46  112    2

   0  -28.45   73.87   20  0.06
   1  -78.61  -31.54    1  0.02
   2  -25.29   72.17   18  0.02
   3   66.39   64.12   14  0.01
   4   31.29    2.56   25  0.05
   5  -10.93  -39.39    4  0.07
   6  -47.82    9.83    1  0.01
   7  -37.83   37.44    6  0.01
   8  -75.40  -93.23    9  0.04
   9  -23.20   38.34    4  0.08
  10   52.04  -33.07    2  0.05
  11   67.69  -10.46    1  0.03
  12   -1.94   53.18    3  0.02
  13  -48.86   62.31    3  0.02
