289359.57

0 0     555.94  13898.61  70  0.20  6.95  7.15  0 20 1 5 2 16 3 11 4 18 
0 1     844.57   8445.67  42  0.26  7.68  7.94  5 21 6 9 7 9 8 2 9 1 
0 1     393.66   3936.60  50  0.09  3.58  3.67  10 20 11 15 12 15 
0 1     498.60   4986.01  50  0.14  4.53  4.67  13 17 14 15 15 15 16 3 
0 1     789.02   7890.22  49  0.31  7.17  7.48  17 19 18 9 19 3 20 4 21 14 
0 2     157.60    787.99  25  0.20  3.50  3.70  22 18 23 5 24 1 25 1 
1 0     586.80  14670.08  62  0.35  7.34  7.69  26 24 27 3 28 14 29 10 30 11 
1 0     617.04  15426.05  85  0.28  7.71  7.99  31 17 32 18 33 9 34 18 35 23 
1 0     580.31  14507.65  46  0.15  7.25  7.40  36 24 37 5 38 3 39 4 40 10 
1 1     729.17   7291.68  49  0.25  6.63  6.88  41 5 42 18 43 5 44 20 45 1 
1 1     798.53   7985.26  48  0.20  7.26  7.46  46 19 47 18 48 8 49 2 50 1 
1 1     662.64   6626.43  46  0.27  6.02  6.29  51 25 52 13 53 6 54 1 55 1 
1 1     488.94   4889.40  50  0.25  4.44  4.69  56 16 57 10 58 9 59 12 60 3 
1 2     174.36    871.78  16  0.11  3.87  3.98  61 7 62 9 
1 2     172.11    860.54  25  0.07  3.82  3.89  63 22 64 3 
1 2     154.68    773.41  24  0.21  3.44  3.65  65 4 66 8 67 5 68 7 
1 2     174.08    870.40  25  0.13  3.87  4.00  69 14 70 1 71 10 
1 2     167.59    837.96  19  0.15  3.72  3.87  72 15 73 3 74 1 
2 0     594.76  14868.94  50  0.24  7.43  7.67  75 1 76 11 77 5 78 12 79 21 
2 1     773.50   7734.96  50  0.25  7.03  7.28  80 6 81 18 82 24 83 2 
2 1     739.93   7399.34  48  0.33  6.73  7.06  84 21 85 14 86 1 87 9 88 3 
2 1     605.42   6054.23  47  0.23  5.50  5.73  89 25 90 11 91 5 92 4 93 2 
2 1     791.15   7911.55  50  0.35  7.19  7.54  94 22 95 14 96 12 97 1 98 1 
2 1     368.48   3684.79  50  0.20  3.35  3.55  99 24 100 24 101 1 102 1 
2 2     159.42    797.10  23  0.17  3.54  3.71  103 13 104 7 105 3 
2 2     170.30    851.52  25  0.19  3.78  3.97  106 8 107 1 108 7 109 9 
2 2     127.75    638.74  25  0.08  2.84  2.92  110 2 111 13 112 10 
2 2     162.48    812.40  25  0.18  3.61  3.79  113 10 114 4 115 11 
2 2     169.54    847.69  23  0.12  3.77  3.89  116 7 117 16 
3 0     599.75  14993.83  82  0.33  7.50  7.83  118 6 119 24 120 11 121 21 122 20 
3 0     555.85  13896.22  48  0.30  6.95  7.25  123 5 124 22 125 14 126 1 127 6 
3 0     608.28  15206.91  69  0.27  7.60  7.87  128 21 129 4 130 13 131 17 132 14 
3 1     581.18   5811.82  48  0.30  5.28  5.58  133 1 134 24 135 15 136 6 137 2 
3 1     431.33   4313.30  50  0.16  3.92  4.08  138 21 139 21 140 8 
3 1     770.01   7700.11  46  0.29  7.00  7.29  141 10 142 17 143 2 144 3 145 14 
3 2     160.37    801.87  25  0.14  3.56  3.70  146 23 147 1 148 1 
3 2     171.65    858.23  25  0.11  3.81  3.92  149 12 150 5 151 7 152 1 
4 0     583.15  14578.72  58  0.19  7.29  7.48  153 4 154 16 155 8 156 8 157 22 
4 0     608.76  15219.10  47  0.32  7.61  7.93  158 15 159 3 160 2 161 5 162 22 
4 1     528.92   5289.18  36  0.25  4.81  5.06  163 16 164 6 165 2 166 11 167 1 
4 1     600.51   6005.10  48  0.20  5.46  5.66  168 16 169 21 170 5 171 5 172 1 
4 1     500.15   5001.53  47  0.25  4.55  4.80  173 7 174 4 175 16 176 16 177 4 
4 1     467.15   4671.46  48  0.31  4.25  4.56  178 10 179 18 180 6 181 9 182 5 
4 1     620.03   6200.33  50  0.26  5.64  5.90  183 2 184 6 185 5 186 18 187 19 
4 2     174.46    872.32  11  0.11  3.88  3.99  188 8 189 3 
4 2     156.51    782.56  25  0.11  3.48  3.59  190 21 191 1 192 1 193 2 
