221927.52

0 1     665.28   6652.79  50  0.30  6.05  6.35  0 22 1 14 2 10 3 2 4 1 5 1 
0 1     780.30   7803.03  50  0.26  7.09  7.35  6 10 7 20 8 3 9 16 10 1 
0 1     507.98   5079.78  50  0.24  4.62  4.86  11 11 12 25 13 11 14 2 15 1 
0 2     173.51    867.55  17  0.10  3.86  3.96  16 8 17 2 18 7 
0 2     162.35    811.76  25  0.09  3.61  3.70  19 18 20 6 21 1 
0 2     166.48    832.41  25  0.19  3.70  3.89  22 11 23 12 24 1 25 1 
1 0     545.80  13645.02 112  0.17  6.82  6.99  26 22 27 21 28 1 29 17 30 7 31 24 32 20 
1 0     618.85  15471.15  89  0.23  7.74  7.97  33 17 34 18 35 12 36 17 37 22 38 3 
1 1     699.61   6996.09  50  0.37  6.36  6.73  39 5 40 16 41 1 42 12 43 11 44 5 
1 1     712.48   7124.82  50  0.28  6.48  6.76  45 12 46 20 47 13 48 3 49 1 50 1 
1 1     675.18   6751.81  50  0.29  6.14  6.43  51 15 52 9 53 18 54 3 55 2 56 2 57 1 
1 1     567.12   5671.19  50  0.23  5.16  5.39  58 23 59 20 60 3 61 4 
1 2     170.00    849.99  25  0.02  3.78  3.80  62 7 63 18 
1 2     170.92    854.58  24  0.20  3.80  4.00  64 11 65 2 66 11 
2 0     618.92  15473.02  82  0.26  7.74  8.00  67 13 68 23 69 21 70 13 71 7 72 5 
2 0     621.59  15539.81  64  0.23  7.77  8.00  73 12 74 23 75 18 76 5 77 6 
2 0     607.85  15196.32  74  0.36  7.60  7.96  78 13 79 3 80 18 81 6 82 25 83 9 
2 1     778.52   7785.23  50  0.37  7.08  7.45  84 9 85 25 86 11 87 2 88 2 89 1 
3 0     559.80  13994.92  98  0.33  7.00  7.33  90 7 91 3 92 21 93 11 94 12 95 21 96 23 
3 0     581.85  14546.36  81  0.35  7.27  7.62  97 15 98 5 99 19 100 12 101 8 102 18 103 4 
3 0     605.32  15132.88  72  0.28  7.57  7.85  104 9 105 9 106 9 107 20 108 12 109 1 110 12 
3 0     556.40  13910.04  94  0.40  6.96  7.36  111 15 112 20 113 13 114 3 115 7 116 19 117 17 
3 1     844.67   8446.75  50  0.25  7.68  7.93  118 12 119 18 120 1 121 7 122 9 123 3 
3 1     827.28   8272.84  49  0.44  7.52  7.96  124 1 125 11 126 6 127 4 128 21 129 3 130 3 
3 1     680.62   6806.23  50  0.27  6.19  6.46  131 23 132 2 133 22 134 1 135 1 136 1 
3 1     398.37   3983.72  50  0.34  3.62  3.96  137 22 138 7 139 17 140 4 
3 2     172.87    864.34  22  0.13  3.84  3.97  141 17 142 3 143 2 
3 2     171.32    856.59  25  0.12  3.81  3.93  144 21 145 2 146 2 
3 2     170.36    851.81  22  0.15  3.79  3.94  147 11 148 7 149 4 
3 2     170.94    854.72  25  0.19  3.80  3.99  150 21 151 2 152 2 
