2 2 33

   0   200     8    80    25
   1    50     8   110    10

   0  -36.92   17.30  217    1    2
   1   58.59   67.00  234    1    2

   0  -40.59  -84.60   21  0.02
   1   77.95   -7.66    7  0.05
   2  -97.61   24.39   16  0.04
   3  -34.72   82.07   17  0.08
   4    6.71   45.37    8  0.07
   5   31.94   89.76   16  0.02
   6  -70.81  -15.91    8  0.07
   7   47.70   32.36    8  0.04
   8  -11.09    0.96   12  0.05
   9   22.87  -65.18    2  0.05
  10  -89.88  -63.20    1  0.07
  11   -9.19   23.78    1  0.05
  12  -13.51   99.67    8  0.02
  13   70.43   28.72   17  0.05
  14   82.31    1.49   22  0.02
  15  -82.19   93.75    1  0.03
  16  -35.93  -78.43    2  0.02
  17  -62.79  -29.98   21  0.07
  18   76.72  -37.33    1  0.03
  19  -70.36    2.15   15  0.05
  20  -34.26   34.53   25  0.06
  21   23.59   82.45   24  0.02
  22   40.02   70.82    3  0.01
  23  -93.63   47.54   24  0.02
  24  -35.68  -30.00    8  0.04
  25   65.55   50.62   15  0.07
  26   36.66   66.79    1  0.05
  27   77.34   36.47    2  0.08
  28   62.70  -98.53   23  0.01
  29   21.10  -11.85    3  0.06
  30  -91.81  -20.45   22  0.08
  31  -42.40   91.11    1  0.01
  32  -50.91  -48.58    1  0.06
