2 2 68

   0   200     8    80    25
   1    50     8   110    10

   0  -63.23  -74.42  569    5    2
   1  -77.26   -9.69  348    2    1

   0   53.46  -86.14   12  0.07
   1  -39.84   23.10   19  0.08
   2  -37.85   71.95   10  0.06
   3   38.74   83.86    8  0.08
   4   56.04   30.83   18  0.05
   5   -8.54  -55.12   20  0.05
   6  -38.68   -8.03   11  0.04
   7  -14.90   63.44   18  0.07
   8  -34.05  -44.91    3  0.05
   9  -43.47   39.98   19  0.08
  10    0.50   46.20   12  0.02
  11  -21.79  -53.11   21  0.07
  12  -85.55  -36.51   23  0.07
  13  -61.73  -56.19   13  0.03
  14   15.00   -9.73   19  0.02
  15  -92.30  -50.93    9  0.07
  16  -24.82  -18.79   17  0.01
  17  -53.41  -59.55   13  0.06
  18   47.07  -36.25   12  0.07
  19   -3.55    1.04    3  0.06
  20   -7.42  -34.39    2  0.02
  21   83.93   72.89   11  0.03
  22  -90.78   36.83    3  0.04
  23  -83.79   43.06   16  0.08
  24    5.52  -76.41    7  0.02
  25  -20.42  -79.29    5  0.06
  26  -60.75  -72.77   12  0.08
  27   67.36   18.93   13  0.05
  28  -63.90   88.32   13  0.01
  29   -6.81  -20.82   11  0.04
  30  -26.58   25.65   20  0.04
  31  -46.51  -36.98   11  0.05
  32  -29.18  -58.01   15  0.03
  33  -39.83  -56.93    3  0.02
  34   97.75  -60.67   24  0.08
  35   66.25   66.59    4  0.06
  36   90.12  -68.13    4  0.01
  37   75.14   38.49   13  0.08
  38  -80.33  -78.37    1  0.09
  39  -70.99  -44.43    1  0.09
  40  -99.43   96.39    1  0.04
  41   53.30   68.73   21  0.08
  42   -0.05  -70.57   23  0.06
  43   -2.17  -67.57    4  0.02
  44  -63.99   47.23    1  0.01
  45  -78.28   60.56    5  0.07
  46   50.06   61.26   13  0.05
  47   30.01   75.48   15  0.01
  48   14.29  -33.87   25  0.09
  49  -36.45  -36.97   23  0.06
  50  -63.48   27.67   23  0.04
  51  -19.84   25.18   18  0.01
  52  -15.98   13.67   22  0.06
  53  -30.27  -24.61   22  0.04
  54  -59.35  -11.85   13  0.02
  55  -56.11  -52.46    6  0.08
  56   30.69   87.36   15  0.06
  57   15.18    1.94   14  0.03
  58  -30.82  -58.41    7  0.09
  59   55.98  -15.51   20  0.08
  60   16.25  -22.93    7  0.05
  61   69.44  -16.95    9  0.09
  62   10.82  -25.07    8  0.09
  63    2.81    1.87   11  0.08
  64   50.14  -10.98   14  0.02
  65   62.72  -18.85    5  0.03
  66   55.12   57.53    2  0.05
  67   57.32   27.62    1  0.09
