429749.23

0 0     592.67  14816.70  98  0.41  7.41  7.82  0 23 1 23 2 8 3 4 4 3 5 1 6 23 7 6 8 7 
0 0     594.65  14866.32 110  0.48  7.43  7.91  9 25 10 15 11 25 12 8 13 19 14 6 15 6 16 6 
0 0     607.99  15199.73  58  0.25  7.60  7.85  17 10 18 13 19 5 20 13 21 15 22 2 
0 1     682.37   6823.69  50  0.31  6.20  6.51  23 5 24 12 25 10 26 17 27 1 28 2 29 3 
0 1     835.01   8350.14  48  0.33  7.59  7.92  30 10 31 11 32 22 33 1 34 1 35 3 
0 1     548.79   5487.89  50  0.23  4.99  5.22  36 17 37 23 38 4 39 2 40 4 
0 1     648.71   6487.07  50  0.24  5.90  6.14  41 25 42 11 43 4 44 4 45 6 
0 2     146.23    731.13  23  0.16  3.25  3.41  46 2 47 11 48 10 
0 2     129.86    649.28  25  0.14  2.89  3.03  49 15 50 6 51 4 
0 2     174.13    870.65  24  0.10  3.87  3.97  52 14 53 10 
0 2     156.79    783.96  24  0.18  3.48  3.66  54 5 55 16 56 2 57 1 
0 2     168.86    844.30  25  0.13  3.75  3.88  58 17 59 8 
1 0     612.72  15317.93 109  0.27  7.66  7.93  60 19 61 22 62 4 63 3 64 9 65 24 66 7 67 21 
1 0     594.16  14853.95 103  0.30  7.43  7.73  68 5 69 13 70 17 71 17 72 16 73 10 74 3 75 22 
1 0     609.28  15231.94  94  0.26  7.62  7.88  76 10 77 21 78 24 79 11 80 12 81 16 
1 1     784.08   7840.77  50  0.28  7.13  7.41  82 15 83 10 84 5 85 15 86 2 87 1 88 1 89 1 
1 1     773.64   7736.44  50  0.18  7.03  7.21  90 21 91 18 92 2 93 1 94 8 
1 1     737.85   7378.48  50  0.34  6.71  7.05  95 19 96 1 97 11 98 16 99 2 100 1 
1 1     830.09   8300.95  49  0.20  7.55  7.75  101 19 102 4 103 5 104 9 105 1 106 9 107 2 
1 1     492.26   4922.58  50  0.08  4.48  4.56  108 13 109 11 110 23 111 3 
1 2     168.86    844.31  23  0.20  3.75  3.95  112 19 113 3 114 1 
1 2     122.17    610.86  25  0.10  2.71  2.81  115 18 116 7 
2 0     621.98  15549.51  59  0.21  7.77  7.98  117 4 118 18 119 24 120 13 
2 0     612.61  15315.30 111  0.32  7.66  7.98  121 24 122 5 123 17 124 21 125 10 126 14 127 20 
2 0     612.30  15307.47 114  0.24  7.65  7.89  128 25 129 23 130 14 131 16 132 16 133 20 
2 0     606.15  15153.64 105  0.35  7.58  7.93  134 9 135 6 136 22 137 13 138 18 139 6 140 20 141 11 
2 0     605.89  15147.37 119  0.41  7.57  7.98  142 14 143 2 144 25 145 8 146 21 147 9 148 1 149 18 150 3 151 18 
2 1     823.73   8237.34  50  0.40  7.49  7.89  152 8 153 18 154 17 155 1 156 3 157 1 158 1 159 1 
2 1     756.14   7561.39  50  0.21  6.87  7.08  160 5 161 23 162 11 163 5 164 5 165 1 
2 2     175.76    878.82  20  0.05  3.91  3.96  166 13 167 7 
2 2     131.64    658.22  25  0.20  2.93  3.13  168 20 169 2 170 1 171 2 
2 2     172.31    861.56  15  0.16  3.83  3.99  172 5 173 10 
2 2     124.46    622.30  24  0.15  2.77  2.92  174 14 175 5 176 2 177 3 
2 2     165.80    828.98  24  0.11  3.68  3.79  178 13 179 8 180 3 
3 0     600.34  15008.60  87  0.33  7.50  7.83  181 3 182 14 183 22 184 6 185 4 186 15 187 23 
3 1     434.63   4346.25  50  0.24  3.95  4.19  188 17 189 12 190 21 
3 1     212.43   2124.30  50  0.14  1.93  2.07  191 23 192 21 193 6 
3 1     634.36   6343.56  50  0.18  5.77  5.95  194 12 195 5 196 4 197 22 198 7 
3 2     165.23    826.16  21  0.07  3.67  3.74  199 16 200 5 
4 1     673.85   6738.47  49  0.27  6.13  6.40  201 1 202 19 203 15 204 10 205 1 206 3 
4 1     433.59   4335.91  50  0.32  3.94  4.26  207 23 208 20 209 4 210 1 211 2 
4 1     732.49   7324.91  50  0.33  6.66  6.99  212 11 213 1 214 8 215 17 216 5 217 4 218 4 
4 1     351.97   3519.68  50  0.22  3.20  3.42  219 17 220 22 221 3 222 8 
4 1     330.12   3301.24  50  0.28  3.00  3.28  223 22 224 23 225 3 226 1 227 1 
4 2     171.15    855.77  24  0.10  3.80  3.90  228 3 229 12 230 9 
4 2     164.91    824.53  14  0.14  3.66  3.80  231 2 232 6 233 5 234 1 
4 2      78.66    393.32   1  0.05  1.75  1.80  235 1 
4 2       0.00      0.00   0  0.00  0.00  0.00  
4 2       0.00      0.00   0  0.00  0.00  0.00  
6 0     606.42  15160.59 124  0.38  7.58  7.96  236 24 237 8 238 20 239 23 240 2 241 24 242 23 
6 0     619.24  15480.91  95  0.25  7.74  7.99  243 15 244 18 245 12 246 19 247 25 248 6 
6 1     554.86   5548.64  50  0.29  5.04  5.33  249 6 250 14 251 24 252 4 253 2 
6 1     831.13   8311.34  50  0.35  7.56  7.91  254 1 255 19 256 14 257 3 258 5 259 5 260 3 
6 1     826.99   8269.91  50  0.28  7.52  7.80  261 5 262 15 263 12 264 11 265 7 
6 1     656.95   6569.48  50  0.31  5.97  6.28  266 23 267 3 268 17 269 1 270 6 
6 2     152.51    762.55  24  0.17  3.39  3.56  271 22 272 2 
6 2     147.38    736.90  25  0.06  3.28  3.34  273 18 274 7 
6 2       5.92     29.60  25  0.05  0.13  0.18  275 25 
7 1     495.22   4952.21  50  0.16  4.50  4.66  276 21 277 25 278 3 279 1 
8 0     616.76  15419.11  52  0.27  7.71  7.98  280 1 281 18 282 14 283 10 284 9 
9 0     615.14  15378.38  92  0.31  7.69  8.00  285 14 286 22 287 6 288 13 289 13 290 4 291 20 
9 0     614.32  15358.10  64  0.27  7.68  7.95  292 15 293 15 294 14 295 15 296 3 297 2 
9 0     270.31   6757.85   2  0.04  3.38  3.42  298 2 
9 0       0.00      0.00   0  0.00  0.00  0.00  
9 1       0.00      0.00   0  0.00  0.00  0.00  
9 2       0.00      0.00   0  0.00  0.00  0.00  
