3 5 194

   0   200     8    80    25
   1    50     8   110    10
   2    25     4    45     5

   0   94.61   75.95  336    1    4    1
   1  -95.92   58.24  545    3    4    5
   2  -76.90  -99.47  466    1    5    5
   3   80.78   61.75  443    3    3    2
   4   42.39   84.70  420    2    5    2

   0   47.65  -39.93   20  0.05
   1  -81.87   -0.51    5  0.02
   2   -0.47   -7.03   16  0.06
   3   48.87   59.92   11  0.04
   4   29.45   19.73   18  0.03
   5  -48.99   57.44   21  0.02
   6   36.72  -33.77    9  0.07
   7  -74.54   56.37    9  0.04
   8   43.52   67.94    2  0.05
   9  -86.80   59.17    1  0.08
  10   56.90   95.02   20  0.02
  11   50.37  -86.21   15  0.03
  12   86.73   -1.78   15  0.04
  13   57.10   31.26   17  0.02
  14   69.05  -95.76   15  0.09
  15   56.29   -3.46   15  0.02
  16   86.65  -70.10    3  0.01
  17   44.57   44.54   19  0.03
  18  -97.14   93.75    9  0.07
  19   55.58  -18.18    3  0.07
  20  -28.74   67.88    4  0.09
  21   10.71  -46.88   14  0.05
  22   90.01   59.20   18  0.09
  23   82.85   49.53    5  0.01
  24   77.81   88.13    1  0.06
  25   57.39   49.56    1  0.04
  26   43.03   77.31   24  0.08
  27  -26.70  -91.65    3  0.07
  28  -91.82   15.13   14  0.06
  29  -58.00   57.60   10  0.07
  30  -90.49   93.68   11  0.07
  31  -85.35  -66.69   17  0.05
  32   39.97    7.53   18  0.06
  33   -3.93  -98.80    9  0.07
  34  -65.76   72.11   18  0.06
  35  -73.83   84.58   23  0.04
  36   78.14   90.20   24  0.02
  37   -6.52   19.85    5  0.02
  38   41.87  -18.93    3  0.05
  39  -21.65  -59.20    4  0.01
  40  -57.08  -55.77   10  0.05
  41   72.24   54.10    5  0.05
  42   41.51  -42.26   18  0.02
  43   44.86   83.60    5  0.02
  44   42.54  -35.94   20  0.08
  45  -51.69  -51.98    1  0.08
  46   63.07  -66.93   19  0.04
  47  -98.45  -30.22   18  0.03
  48   71.29   32.53    8  0.01
  49   98.51    9.76    2  0.07
  50   86.54   37.79    1  0.05
  51   33.10  -21.60   25  0.07
  52   37.59  -79.76   13  0.07
  53   67.52   50.03    6  0.03
  54    3.76  -81.60    1  0.05
  55  -30.59  -14.66    1  0.05
  56   73.87   32.84   16  0.06
  57   22.38  -15.56   10  0.05
  58   39.96   34.32    9  0.07
  59   57.14   24.45   12  0.01
  60    7.25    0.15    3  0.06
  61  -67.03   41.68    7  0.06
  62  -17.30   76.04    9  0.05
  63  -98.89   -1.79   22  0.04
  64  -74.91  -20.56    3  0.03
  65  -99.70  -15.71    4  0.03
  66  -86.36   35.78    8  0.04
  67  -85.29   42.24    5  0.09
  68  -86.38   51.24    7  0.05
  69  -10.59   42.18   14  0.05
  70  -42.96   44.09    1  0.03
  71  -87.20   56.27   10  0.05
  72  -69.77   26.62   15  0.02
  73  -65.23  -17.11    3  0.04
  74  -92.49   56.97    1  0.09
  75   78.49   70.56    1  0.05
  76   73.41  -73.60   11  0.03
  77  -67.06  -78.22    5  0.04
  78  -80.90  -51.99   12  0.07
  79  -71.23  -85.81   21  0.05
  80   71.51   26.96    6  0.06
  81   24.53  -94.87   18  0.04
  82  -41.54   27.83   24  0.08
  83   59.14   53.49    2  0.07
  84  -78.68  -38.49   21  0.02
  85   43.08   22.51   14  0.09
  86   98.69  -11.82    1  0.06
  87  -67.48  -48.66    9  0.07
  88  -47.57   77.54    3  0.09
  89  -71.96  -41.28   25  0.08
  90  -60.39   35.74   11  0.02
  91  -19.05   83.55    5  0.03
  92   62.88   20.20    4  0.04
  93   96.18   70.15    2  0.06
  94  -85.32  -20.51   22  0.09
  95   63.62   74.52   14  0.04
  96   66.30   91.96   12  0.09
  97  -68.53  -80.84    1  0.08
  98  -80.56   58.69    1  0.05
  99  -82.89  -31.08   24  0.03
 100  -76.57  -40.19   24  0.05
 101   -8.42   56.48    1  0.05
 102  -66.29  -80.98    1  0.07
 103  -60.05  -80.28   13  0.04
 104  -78.53  -44.40    7  0.08
 105  -43.76  -93.00    3  0.05
 106  -61.41  -24.76    8  0.08
 107  -71.52  -80.56    1  0.02
 108  -87.39  -81.59    7  0.03
 109  -82.85  -94.35    9  0.06
 110  -56.53  -92.15    2  0.02
 111  -93.22  -89.54   13  0.02
 112  -60.45  -71.90   10  0.04
 113  -38.73  -34.72   10  0.05
 114  -73.23  -52.07    4  0.07
 115  -73.63  -96.00   11  0.06
 116   -6.69  -95.48    7  0.04
 117  -35.30  -62.57   16  0.08
 118  -28.11  -24.26    6  0.06
 119   -3.15  -28.32   24  0.04
 120   46.87  -52.51   11  0.07
 121   -3.16   85.30   21  0.08
 122   -1.22  -27.22   20  0.08
 123   84.06   68.33    5  0.02
 124   31.15   53.32   22  0.08
 125  -94.00  -93.69   14  0.09
 126   91.82  -45.78    1  0.08
 127   92.72   -9.43    6  0.03
 128  -40.08  -26.36   21  0.06
 129   53.45   96.30    4  0.08
 130  -13.71   84.46   13  0.06
 131   77.54  -27.65   17  0.02
 132   69.22   20.84   14  0.05
 133   69.45   25.66    1  0.06
 134  -56.89   10.20   24  0.05
 135  -79.92   49.31   15  0.07
 136   37.23   10.55    6  0.07
 137  -61.94   33.81    2  0.05
 138  -69.90  -14.09   21  0.03
 139   39.34    4.28   21  0.07
 140    8.13  -22.14    8  0.06
 141  -86.78  -49.67   10  0.07
 142   88.97  -86.17   17  0.05
 143   41.40  -29.81    2  0.04
 144  -75.06  -34.66    3  0.06
 145   73.52   22.72   14  0.07
 146   79.93   40.70   23  0.02
 147   94.44  -11.62    1  0.05
 148   94.02   60.04    1  0.07
 149   38.09   18.93   12  0.01
 150   67.66   50.39    5  0.04
 151   62.56   39.87    7  0.05
 152   86.00   74.91    1  0.01
 153   71.23   12.91    4  0.03
 154  -52.66   61.93   16  0.02
 155  -59.48  -33.33    8  0.05
 156  -59.90   75.16    8  0.06
 157   -1.99   13.46   22  0.03
 158   42.01  -81.08   15  0.08
 159   29.23   36.19    3  0.05
 160   73.38  -39.63    2  0.08
 161   -8.23   83.06    5  0.05
 162   42.06   53.24   22  0.06
 163  -91.16   -4.24   16  0.04
 164  -67.86   26.29    6  0.04
 165  -26.70    0.45    2  0.08
 166  -30.95  -90.66   11  0.07
 167   -5.58  -39.56    1  0.02
 168  -93.22  -35.38   16  0.03
 169   46.14  -11.36   21  0.06
 170   67.97  -28.24    5  0.05
 171   75.05  -91.02    5  0.01
 172   87.46   -6.14    1  0.05
 173   66.29    0.55    7  0.07
 174   -8.20   67.88    4  0.02
 175  -33.94   -2.16   16  0.08
 176  -57.52   95.97   16  0.07
 177   20.71   46.33    4  0.01
 178  -50.02   18.27   10  0.07
 179  -80.43   41.43   18  0.09
 180  -48.35   79.73    6  0.03
 181  -76.10   76.56    9  0.04
 182   55.58    0.55    5  0.08
 183  -23.40   45.48    2  0.04
 184  -17.52  -45.05    6  0.07
 185   64.74   61.93    5  0.06
 186  -18.75   47.66   18  0.05
 187   48.35  -38.79   19  0.04
 188   -4.20   17.25    8  0.05
 189   45.58   88.88    3  0.06
 190   74.98   87.91   21  0.01
 191    7.87   98.72    1  0.02
 192   20.29   92.78    1  0.05
 193   11.53   95.74    2  0.03
