1 1 20

   0   200     8    80    25

   0  -21.07  -24.80  618    3

   0  -92.68   60.81    4  0.05
   1  -67.92  -97.31    1  0.02
   2  -87.93   58.26   14  0.03
   3  -50.40   46.19    8  0.02
   4  -38.15  -13.36   18  0.01
   5  -69.94  -37.87   13  0.01
   6  -51.78  -38.33   21  0.01
   7   15.19  -92.47    5  0.07
   8  -71.93    0.38    2  0.03
   9  -53.60   55.30   20  0.05
  10   51.54  -65.69   14  0.05
  11   44.61   18.85    3  0.03
  12  -36.78   -7.99   24  0.03
  13   92.49   22.26    9  0.09
  14   29.41   22.34   13  0.05
  15  -83.28   78.30   19  0.01
  16   31.81   28.44   13  0.04
  17   49.83  -16.94    7  0.05
  18    6.11  -59.65   13  0.02
  19   15.78  -45.07    6  0.08
