127297.56

0 0     608.62  15215.56  87  0.39  7.61  8.00  0 12 1 19 2 10 3 8 4 18 5 20 
0 0     602.81  15070.25 120  0.43  7.54  7.97  6 11 7 18 8 3 9 19 10 12 11 21 12 23 13 13 
0 0     611.32  15283.03  75  0.31  7.64  7.95  14 19 15 9 16 17 17 13 18 12 19 3 20 2 
0 0     615.07  15376.79  54  0.31  7.69  8.00  21 11 22 3 23 16 24 7 25 5 26 12 
0 0     615.56  15389.03  86  0.24  7.69  7.93  27 13 28 13 29 11 30 20 31 11 32 15 33 3 
0 1     797.82   7978.24  47  0.41  7.25  7.66  34 24 35 4 36 4 37 13 38 1 39 1 
0 1     734.70   7346.98  50  0.21  6.68  6.89  40 1 41 21 42 23 43 4 44 1 
1 0     601.06  15026.50 179  0.45  7.51  7.96  45 5 46 13 47 15 48 25 49 23 50 23 51 18 52 22 53 22 54 13 
1 0     606.67  15166.67  69  0.39  7.58  7.97  55 6 56 15 57 14 58 7 59 20 60 7 
1 1     544.45   5444.51  50  0.45  4.95  5.40  61 9 62 8 63 11 64 14 65 5 66 2 67 1 
