115865.73

0 0     627.98  15699.56  84  0.14  7.85  7.99  0 1 1 22 2 21 3 20 4 20 
0 0     606.19  15154.64  78  0.42  7.58  8.00  5 1 6 6 7 7 8 2 9 25 10 18 11 11 12 8 
0 0     595.95  14898.73 113  0.49  7.45  7.94  13 19 14 25 15 20 16 8 17 5 18 18 19 6 20 12 
0 1     548.87   5488.69  50  0.16  4.99  5.15  21 24 22 22 23 3 24 1 
0 1     846.53   8465.31  50  0.28  7.70  7.98  25 6 26 19 27 12 28 9 29 1 30 2 31 1 
0 1     553.13   5531.27  50  0.21  5.03  5.24  32 23 33 1 34 16 35 9 36 1 
1 0     599.38  14984.38 109  0.50  7.49  7.99  37 11 38 20 39 12 40 22 41 10 42 13 43 12 44 9 
1 0     590.93  14773.21 137  0.61  7.39  8.00  45 10 46 18 47 21 48 2 49 18 50 17 51 5 52 13 53 24 54 9 
1 1     838.69   8386.93  50  0.37  7.62  7.99  55 6 56 3 57 19 58 15 59 5 60 1 61 1 
1 1     521.80   5217.98  50  0.34  4.74  5.08  62 21 63 21 64 3 65 3 66 1 67 1 
1 1     570.25   5702.51  50  0.35  5.18  5.53  68 24 69 19 70 1 71 4 72 1 73 1 
1 2     152.05    760.23  25  0.08  3.38  3.46  74 22 75 3 
1 2     160.46    802.29  25  0.14  3.57  3.71  76 23 77 1 78 1 
