256586.87

0 0     601.00  15024.88 105  0.47  7.51  7.98  0 11 1 7 2 10 3 17 4 4 5 8 6 11 7 14 8 8 9 15 
0 0     606.39  15159.81 108  0.39  7.58  7.97  10 3 11 18 12 23 13 3 14 24 15 22 16 15 
0 0     618.49  15462.27  93  0.25  7.73  7.98  17 16 18 22 19 10 20 20 21 4 22 21 
0 0     619.20  15479.92  89  0.26  7.74  8.00  23 20 24 8 25 10 26 13 27 5 28 8 29 22 30 3 
0 0     599.06  14976.47 149  0.46  7.49  7.95  31 6 32 22 33 9 34 23 35 1 36 14 37 22 38 22 39 11 40 19 
0 1     615.89   6158.87  50  0.30  5.60  5.90  41 16 42 21 43 1 44 11 45 1 
0 1     537.35   5373.53  50  0.28  4.89  5.17  46 11 47 22 48 16 49 1 
0 1     595.18   5951.82  50  0.29  5.41  5.70  50 20 51 2 52 1 53 20 54 6 55 1 
0 2     159.04    795.21  25  0.24  3.53  3.77  56 16 57 4 58 1 59 4 
0 2     156.19    780.93  25  0.27  3.47  3.74  60 15 61 1 62 2 63 7 
0 2     170.97    854.86  24  0.18  3.80  3.98  64 18 65 4 66 1 67 1 
0 2     118.76    593.79  25  0.23  2.64  2.87  68 21 69 3 70 1 
1 0     608.77  15219.27 141  0.36  7.61  7.97  71 12 72 22 73 14 74 25 75 24 76 15 77 17 78 12 
1 0     616.96  15424.07  88  0.28  7.71  7.99  79 16 80 19 81 6 82 14 83 20 84 2 85 11 
1 1     647.75   6477.49  50  0.33  5.89  6.22  86 23 87 15 88 4 89 7 90 1 
1 1     491.08   4910.82  50  0.29  4.46  4.75  91 5 92 4 93 19 94 17 95 1 96 4 
1 1     816.31   8163.08  50  0.50  7.42  7.92  97 24 98 8 99 10 100 2 101 2 102 1 103 1 104 2 
1 1     802.34   8023.43  50  0.24  7.29  7.53  105 18 106 9 107 11 108 4 109 5 110 3 
1 2     168.09    840.47  24  0.16  3.74  3.90  111 11 112 6 113 7 
1 2     165.25    826.26  25  0.07  3.67  3.74  114 21 115 4 
1 2     162.21    811.07  21  0.23  3.60  3.83  116 12 117 3 118 6 
1 2     146.10    730.51  25  0.06  3.25  3.31  119 24 120 1 
1 2     149.57    747.86  25  0.17  3.32  3.49  121 10 122 8 123 7 
2 0     599.83  14995.63 147  0.50  7.50  8.00  124 13 125 20 126 3 127 14 128 22 129 22 130 22 131 10 132 1 133 20 
2 0     598.39  14959.63 112  0.50  7.48  7.98  134 24 135 17 136 8 137 10 138 2 139 16 140 21 141 14 
2 0     611.76  15294.00  87  0.35  7.65  8.00  142 23 143 8 144 3 145 5 146 2 147 8 148 15 149 23 
2 0     610.15  15253.69 158  0.36  7.63  7.99  150 8 151 2 152 10 153 7 154 23 155 20 156 21 157 20 158 24 159 23 
2 0     609.74  15243.51  95  0.33  7.62  7.95  160 8 161 19 162 14 163 16 164 8 165 2 166 8 167 6 168 14 
2 1     849.56   8495.61  49  0.23  7.72  7.95  169 15 170 8 171 12 172 2 173 5 174 4 175 3 
2 1     637.85   6378.45  50  0.23  5.80  6.03  176 17 177 20 178 3 179 6 180 4 
2 1     717.97   7179.65  50  0.25  6.53  6.78  181 10 182 9 183 17 184 6 185 7 186 1 
