121825.22

0 0     615.38  15384.54  95  0.28  7.69  7.97  0 18 1 18 2 21 3 18 4 1 5 19 
0 0     611.63  15290.73  85  0.34  7.65  7.99  6 4 7 15 8 23 9 9 10 19 11 6 12 9 
0 0     590.49  14762.28 125  0.33  7.38  7.71  13 3 14 25 15 12 16 8 17 22 18 5 19 7 20 18 21 25 
0 1     743.75   7437.51  50  0.33  6.76  7.09  22 3 23 20 24 22 25 2 26 1 27 1 28 1 
1 0     607.39  15184.80 109  0.40  7.59  7.99  29 15 30 11 31 9 32 18 33 17 34 21 35 18 
1 0     620.49  15512.27  83  0.23  7.76  7.99  36 1 37 12 38 10 39 14 40 17 41 12 42 17 
1 0     607.64  15191.09  60  0.40  7.60  8.00  43 1 44 7 45 13 46 4 47 7 48 5 49 19 50 4 
1 0     610.07  15251.68  99  0.36  7.63  7.99  51 4 52 6 53 11 54 3 55 11 56 19 57 20 58 16 59 2 60 7 
1 1     781.03   7810.32  48  0.48  7.10  7.58  61 6 62 1 63 4 64 3 65 3 66 14 67 15 68 2 
