58119.35

0 0     595.22  14880.60 103  0.55  7.44  7.99  0 8 1 5 2 15 3 5 4 23 5 19 6 4 7 24 
0 1     617.83   6178.27  50  0.29  5.62  5.91  8 21 9 19 10 5 11 4 12 1 
1 0     610.17  15254.28  96  0.31  7.63  7.94  13 15 14 8 15 13 16 23 17 8 18 7 19 17 20 5 
1 0     608.21  15205.18  63  0.29  7.60  7.89  21 4 22 24 23 15 24 4 25 6 26 7 27 2 28 1 
1 0     264.04   6601.02   1  0.02  3.30  3.32  29 1 
1 0       0.00      0.00   0  0.00  0.00  0.00  
1 0       0.00      0.00   0  0.00  0.00  0.00  
1 1       0.00      0.00   0  0.00  0.00  0.00  
