3 3 187

   0   200     8    80    25
   1    50     8   110    10
   2    25     4    45     5

   0   41.99   92.49  843    5    3    4
   1  -69.79   50.48  599    2    4    5
   2  -79.98   73.78  798    5    3    0

   0   70.01    0.18   11  0.08
   1  -17.62   13.81    7  0.08
   2   49.88   54.63   10  0.05
   3  -57.74    9.04   17  0.02
   4   52.09   42.35    4  0.04
   5   25.94   89.98    8  0.06
   6   46.75   99.67   11  0.04
   7   31.10   93.16   14  0.04
   8   34.87   92.05    8  0.05
   9   38.35   92.41   15  0.01
  10  -27.11    8.72    3  0.08
  11   36.03   59.73   18  0.07
  12  -38.31   47.93   23  0.05
  13   52.06  -71.35    3  0.01
  14   35.03   86.25   24  0.05
  15   45.93   93.23   22  0.06
  16   39.55   83.89   15  0.07
  17   -1.70  -65.49   16  0.01
  18   97.51   43.05   22  0.05
  19   35.74  -78.38   10  0.09
  20   39.86   59.13   20  0.07
  21   40.33   69.60    4  0.02
  22   39.33   72.35   21  0.01
  23   74.84   36.99   20  0.07
  24  -50.93   32.68    8  0.04
  25   72.62  -15.94   10  0.06
  26  -22.73  -31.34   13  0.01
  27   40.14   11.69    5  0.01
  28   35.03   -3.29    8  0.03
  29   14.47   36.25   22  0.03
  30   38.72   80.10    3  0.01
  31  -10.32   96.83    6  0.05
  32   85.45   46.40   22  0.09
  33   -7.14  -30.12    9  0.03
  34  -74.58   -2.76   23  0.06
  35  -56.61  -34.00    1  0.07
  36  -53.03  -31.80   14  0.02
  37   56.47   71.64   22  0.04
  38   63.67   92.62   22  0.04
  39   66.39   86.02   11  0.04
  40   59.99   87.75   19  0.02
  41   56.03   33.76   16  0.08
  42   43.12  -68.97   21  0.03
  43  -80.86  -37.14    1  0.04
  44  -90.38   46.32   11  0.08
  45  -36.61  -30.64    1  0.07
  46    4.57   88.99   11  0.07
  47  -30.90  -76.23   22  0.09
  48   59.56  -73.27   16  0.07
  49   -7.81  -73.09    1  0.05
  50  -18.66  -51.10   20  0.05
  51  -30.52   22.80    2  0.05
  52  -40.20   68.46    1  0.01
  53   82.02   67.27   20  0.07
  54  -33.43   98.90    6  0.04
  55  -14.15   99.45    1  0.07
  56   46.32   24.83   16  0.05
  57   65.77   44.31    4  0.06
  58   42.95   70.22    1  0.04
  59   45.99   67.62    4  0.09
  60   95.95   46.07   15  0.09
  61   61.75   98.29    1  0.08
  62   52.68   99.88    2  0.02
  63   45.87   93.42    7  0.08
  64  -27.05   86.71   18  0.02
  65    7.84   83.32    4  0.08
  66   35.77   82.32    1  0.01
  67   56.14   80.93    1  0.07
  68   29.16   80.17   21  0.06
  69   64.38   74.38    3  0.09
  70   23.07   78.04    1  0.08
  71   25.04    8.61   12  0.01
  72  -57.85  -77.72   22  0.05
  73   51.06   96.84   14  0.06
  74  -68.05   80.04   25  0.01
  75  -67.87   71.89   24  0.05
  76  -56.51   79.76   15  0.06
  77  -54.65   80.31   17  0.04
  78  -67.01   68.99   12  0.08
  79   23.11  -28.39   16  0.05
  80  -56.56  -16.81   19  0.04
  81   36.01   26.10    6  0.01
  82   32.53  -77.97   14  0.08
  83  -57.41  -33.10   20  0.07
  84  -42.08    1.63    2  0.01
  85  -57.35   -2.27   11  0.02
  86   95.01   61.40   23  0.04
  87   51.19  -86.85   15  0.07
  88   84.54   12.15    4  0.07
  89  -50.54  -10.77    7  0.06
  90  -85.95    5.97    1  0.09
  91   18.14   75.39    5  0.09
  92   30.97   65.38    4  0.02
  93   42.82   62.98   19  0.03
  94   22.39  -33.36   17  0.03
  95   81.37   -7.95    1  0.03
  96   27.25  -50.30    4  0.09
  97  -25.53   75.33   24  0.04
  98   12.63   39.52    8  0.08
  99   40.39   21.27   10  0.05
 100  -61.38   59.36    2  0.04
 101   39.96  -37.44    2  0.05
 102  -91.04   21.61    1  0.09
 103  -97.55  -68.96    1  0.07
 104  -54.62  -95.14    2  0.08
 105  -74.52   69.98   18  0.07
 106  -26.90  -74.50    9  0.04
 107   80.09   29.10   11  0.05
 108  -69.61    4.27    4  0.02
 109   82.28   81.14    5  0.03
 110   49.26   89.32    3  0.03
 111  -14.01    1.72   11  0.02
 112  -25.31    2.73    6  0.08
 113  -27.26   41.97    7  0.06
 114  -13.33   27.26   21  0.04
 115  -92.02   40.34    4  0.03
 116  -64.42   -9.57   12  0.09
 117  -39.84   37.70    3  0.05
 118  -76.74   41.22    6  0.09
 119  -20.34   74.36   24  0.02
 120  -15.60   38.90    1  0.04
 121  -63.73   11.00   10  0.08
 122  -47.89   62.59    8  0.07
 123  -40.09   76.65    7  0.02
 124   30.57  -73.96   13  0.09
 125   90.40  -44.69   20  0.08
 126   20.34   57.01    3  0.07
 127    0.95    7.73   14  0.04
 128    7.59   23.10   22  0.04
 129   18.87   14.73   22  0.02
 130  -42.59    9.38   22  0.06
 131  -56.98   34.67   10  0.02
 132  -52.61   40.84    1  0.06
 133  -76.33   66.40   20  0.02
 134    6.42   57.67   24  0.05
 135   75.08   47.24   17  0.05
 136  -70.71  -43.63    8  0.08
 137  -48.13   89.15   10  0.08
 138  -37.29   23.54    2  0.09
 139  -68.53   54.89   16  0.07
 140  -72.75   64.92   21  0.02
 141  -79.78   74.67   14  0.06
 142   -6.67  -77.54   23  0.04
 143  -38.02  -38.80    8  0.01
 144   73.18   67.28    3  0.03
 145   15.58   55.04    5  0.05
 146   48.77   28.23    2  0.03
 147    0.59   43.64    8  0.07
 148  -43.94   69.94   15  0.08
 149  -69.89   72.85   23  0.04
 150   10.02   -1.70    8  0.01
 151    6.12  -44.20    2  0.07
 152  -15.59  -51.15   10  0.03
 153  -79.68  -54.53    7  0.02
 154  -69.47   18.73   23  0.01
 155  -56.50  -83.22   20  0.01
 156  -66.45  -80.54   21  0.04
 157  -47.87    2.95   20  0.05
 158  -85.89   44.68   24  0.09
 159  -83.02   43.17   23  0.03
 160   88.18  -65.92    8  0.09
 161   71.76   80.46   19  0.04
 162   94.17   97.44   14  0.08
 163  -15.15   98.40   16  0.02
 164  -65.74   87.16    8  0.02
 165  -54.99   68.06    2  0.02
 166  -65.61   65.86    8  0.01
 167  -64.68   72.15    6  0.02
 168  -73.08   72.41   14  0.03
 169   90.84   89.22   15  0.05
 170  -45.73   -9.95    8  0.02
 171  -21.06  -54.07   12  0.06
 172   76.49  -57.96    2  0.01
 173   -4.38   68.31    5  0.04
 174   25.79    0.54    4  0.03
 175  -44.86   20.98    3  0.02
 176   96.76   -3.08   17  0.08
 177  -11.03  -97.65   20  0.04
 178   53.60  -68.35    3  0.03
 179   67.42  -10.04    6  0.01
 180   24.87   25.33    4  0.07
 181  -18.61   -5.41   10  0.09
 182   47.88  -91.15    9  0.02
 183  -52.98  -40.83   17  0.04
 184  -62.10  -84.88    6  0.01
 185   13.74  -83.13    7  0.02
 186   68.88   20.91    1  0.07
