3 10 319

   0   200     8    80    25
   1    50     8   110    10
   2    25     4    45     5

   0  -52.77   59.41  161    4    4    3
   1   77.95   66.01  296    3    5    0
   2  -73.82  -72.73  239    4    0    4
   3   91.55  -76.67  190    5    2    5
   4   61.37   15.99  697    5    5    1
   5   40.67   61.40  197    1    4    0
   6  -16.20  -75.71  132    4    0    4
   7  -47.96  -94.08  690    3    4    2
   8  -20.47    8.49  268    1    3    3
   9    6.97   79.11  766    5    5    0

   0  -73.75   40.74   20  0.05
   1   98.15   92.86    6  0.07
   2  -23.66  -38.86   15  0.02
   3   -5.16   44.19   11  0.06
   4  -84.23   11.13   15  0.06
   5   31.28  -31.01   25  0.05
   6   45.46    9.71   25  0.03
   7   59.86   31.19   19  0.09
   8  -49.36  -79.85   15  0.03
   9  -69.37  -78.36    5  0.06
  10  -61.25    6.30    4  0.09
  11   -6.31    6.96    1  0.07
  12   77.09   15.38    3  0.04
  13   83.95  -70.01   15  0.05
  14    2.36  -65.03    5  0.05
  15  -96.21   96.18    3  0.02
  16  -19.33   76.24   24  0.09
  17   70.02   75.01   17  0.05
  18  -21.12   72.77   14  0.03
  19   62.28   39.64   22  0.05
  20   34.00   -3.58   21  0.02
  21   65.63  -31.31   23  0.06
  22   15.71  -70.43    3  0.03
  23   89.06  -23.38    2  0.02
  24   77.35   12.56   12  0.02
  25   45.99   17.12   10  0.01
  26   67.18   27.79   15  0.01
  27   73.88   57.16    1  0.06
  28  -71.45   48.97   21  0.01
  29  -86.40   84.20   17  0.07
  30    0.92   37.18    6  0.09
  31  -18.27  -90.82    4  0.04
  32  -12.18  -22.91   12  0.04
  33   78.79   49.09   12  0.01
  34   41.79   46.89    2  0.01
  35   74.20   -0.99   19  0.06
  36   53.46   57.61    7  0.06
  37   61.43  -60.88    6  0.04
  38   42.88   77.16   22  0.06
  39   87.12    5.80    4  0.09
  40  -69.85   93.39    6  0.03
  41  -66.74   15.20    8  0.06
  42  -19.45  -94.49   20  0.09
  43   90.65   46.67   15  0.05
  44  -18.87   16.86   25  0.01
  45   75.26  -28.90    6  0.05
  46  -69.34  -57.84   21  0.03
  47    6.43   17.71   10  0.09
  48   49.32  -47.33    1  0.06
  49   19.53  -90.65   24  0.06
  50   -7.10  -87.62    5  0.01
  51  -98.38  -62.32    9  0.03
  52  -43.30  -56.52    2  0.01
  53  -19.77  -82.08   15  0.02
  54  -89.41  -52.06   16  0.01
  55  -84.91  -46.27   10  0.01
  56  -41.78  -28.31    2  0.07
  57   51.83  -11.94   17  0.04
  58   17.34  -78.67    1  0.04
  59   16.18   52.09    6  0.09
  60   28.81  -73.60   22  0.03
  61  -53.58   -8.75   23  0.02
  62   30.79   -1.95   15  0.05
  63   95.51  -18.67    7  0.03
  64   83.70  -52.53    2  0.06
  65   87.35  -51.71   12  0.05
  66   88.61  -70.85    8  0.04
  67   99.02   89.64    6  0.05
  68   25.03  -47.32    4  0.02
  69   37.54  -93.36   18  0.01
  70   69.97  -45.63   24  0.05
  71   66.00  -47.30   12  0.02
  72    8.36  -67.67    7  0.05
  73   33.74  -95.25   21  0.05
  74   56.52  -73.03    2  0.09
  75   50.45  -69.48    1  0.03
  76   -2.45  -50.04    3  0.05
  77  -98.96  -49.61    8  0.03
  78  -15.76   60.43    3  0.09
  79  -37.62  -54.87    7  0.05
  80   -9.77  -90.58    1  0.05
  81  -87.76   26.18    1  0.05
  82  -22.00  -69.88   15  0.04
  83  -90.74  -79.63   14  0.02
  84  -88.17   19.29   22  0.09
  85  -87.75    4.59   21  0.02
  86  -74.73   -9.00   16  0.03
  87  -59.97  -24.24    2  0.02
  88  -76.52  -43.18    7  0.08
  89   34.11  -53.38   23  0.01
  90  -53.58   -2.61    1  0.06
  91   69.28   54.51   23  0.09
  92   97.25  -11.61   17  0.04
  93  -86.85  -81.56   21  0.09
  94   16.35  -86.24    5  0.09
  95   31.30  -60.88    3  0.03
  96   53.31   35.46   15  0.04
  97   66.15  -26.12   25  0.06
  98   99.10  -42.64   22  0.07
  99   93.59   -2.64    1  0.08
 100   77.53    2.78    5  0.07
 101  -33.74  -67.60   10  0.08
 102  -20.35   45.95    2  0.03
 103  -99.30   28.39    3  0.07
 104  -91.74   81.42   10  0.02
 105   50.33  -28.87    6  0.04
 106   70.36   10.00   15  0.08
 107  -92.57    3.21   11  0.07
 108    4.53   68.55   18  0.06
 109   77.23   26.42    4  0.06
 110  -63.67    3.98    3  0.02
 111  -93.43   62.62    1  0.07
 112  -75.62   38.89    9  0.02
 113   -4.25   77.28    1  0.08
 114  -22.80   17.59    2  0.04
 115   14.95   -1.75    1  0.02
 116  -58.77   63.18   16  0.01
 117   -3.70  -97.15    9  0.03
 118   85.61   67.58   24  0.09
 119    8.55   -3.34    1  0.08
 120   -0.95   61.00    8  0.06
 121   70.31   43.53   10  0.04
 122   59.09   28.58   13  0.09
 123   -4.52   -8.78    7  0.05
 124  -35.23  -25.28    9  0.06
 125   73.35   32.01    1  0.07
 126  -72.63   93.47    2  0.01
 127  -62.39   47.05   17  0.05
 128  -74.86  -58.14   16  0.02
 129   86.26   29.47   15  0.03
 130    6.97  -36.16    2  0.01
 131  -88.89   28.72    1  0.07
 132    4.95   72.43   25  0.03
 133   32.84  -98.58   16  0.07
 134   43.76   60.71    2  0.05
 135    4.04  -60.13    1  0.03
 136   41.84  -58.46    5  0.08
 137   71.37   54.59    9  0.08
 138    9.39   33.34    7  0.05
 139   12.95   19.86    4  0.05
 140   47.38   30.41   15  0.01
 141  -28.19  -49.80    6  0.06
 142  -96.91   55.61    7  0.07
 143  -83.17   73.38    1  0.02
 144   -7.06   12.89    7  0.05
 145   74.29   18.07   18  0.06
 146   -3.72   49.88   16  0.02
 147   13.95   75.44   16  0.02
 148   40.37   28.69    7  0.08
 149  -36.91   60.12   20  0.09
 150   67.58  -76.77    2  0.01
 151   -8.96  -22.14   16  0.03
 152  -44.13   33.92    5  0.03
 153   28.17  -64.00    2  0.07
 154  -45.84   11.00   24  0.08
 155  -28.00  -76.77   24  0.04
 156  -53.07  -75.50    7  0.01
 157   63.18   29.32    4  0.05
 158   26.23   81.71   14  0.09
 159  -18.66  -28.05   15  0.01
 160  -68.14   60.61   11  0.07
 161   -5.35  -22.52   10  0.01
 162  -24.20  -55.29    3  0.04
 163  -45.01  -76.35    6  0.05
 164  -17.84  -70.49    2  0.05
 165  -67.46  -17.74    4  0.03
 166   65.46   37.73    5  0.06
 167    2.46   48.78    9  0.02
 168  -20.79   89.05   22  0.03
 169  -27.50   85.76   20  0.05
 170  -46.29    1.44    6  0.06
 171   -6.44  -66.19    2  0.03
 172   29.41  -43.45    1  0.03
 173   -6.60  -23.75    2  0.01
 174   27.38   23.86   19  0.08
 175  -27.30   64.32    7  0.02
 176   74.13  -63.09   15  0.04
 177  -27.70  -31.38   20  0.06
 178    8.49  -67.56   17  0.05
 179    8.23  -84.85   10  0.09
 180  -10.17  -85.53    9  0.01
 181   22.40  -37.50   14  0.05
 182   57.97   18.65   20  0.01
 183   73.43  -64.66   11  0.06
 184  -82.49   -1.90   10  0.04
 185  -73.04  -45.30   18  0.09
 186  -63.36    3.18    4  0.08
 187  -46.16  -80.37   14  0.09
 188  -48.09  -41.47   21  0.03
 189  -49.06  -66.02    4  0.07
 190  -52.16  -40.22   12  0.03
 191  -81.21  -68.82   21  0.01
 192  -42.23  -23.18   22  0.03
 193   82.29  -88.00   19  0.05
 194   98.54  -49.89   19  0.03
 195   38.73  -17.09   23  0.05
 196   37.86  -82.76   11  0.04
 197   97.53  -62.51   19  0.02
 198  -63.42   81.77    2  0.08
 199  -70.33   78.90    9  0.05
 200  -84.53  -90.03   12  0.07
 201  -33.96  -75.30    6  0.03
 202  -74.43  -52.69    1  0.09
 203  -70.85  -23.50    1  0.08
 204  -85.78   94.15   23  0.04
 205  -29.85   49.73   18  0.05
 206  -96.32   97.63    3  0.06
 207   24.00  -82.75    5  0.09
 208  -90.17    4.07    1  0.03
 209  -86.06  -24.55    1  0.04
 210  -27.88  -90.40   15  0.03
 211   50.06   95.40   23  0.06
 212   55.88  -65.46    3  0.04
 213    5.21  -23.32    7  0.05
 214   27.97  -81.45    1  0.02
 215   24.31  -25.31    8  0.04
 216  -96.44   -6.42   24  0.03
 217   18.60   97.73   16  0.06
 218  -48.38  -49.87    1  0.04
 219   65.77  -61.58    1  0.08
 220  -23.18  -70.89    2  0.09
 221  -31.88  -33.87   19  0.04
 222  -28.98  -30.48    2  0.02
 223  -24.83  -59.82    2  0.03
 224    0.08  -54.07   15  0.05
 225  -58.72  -64.16   10  0.03
 226   -7.14   41.34   14  0.02
 227   65.02  -83.66   15  0.06
 228    3.08   88.98   13  0.07
 229  -25.36  -20.39   24  0.07
 230  -88.70    8.19    4  0.09
 231   89.09  -34.50    1  0.01
 232  -16.90  -86.17   15  0.03
 233  -96.40  -99.01    4  0.06
 234   72.62  -31.91   15  0.07
 235  -14.95    2.17   12  0.03
 236   65.03  -46.02    1  0.01
 237  -10.70    6.09    1  0.05
 238  -42.71   10.34    1  0.08
 239  -95.04   -8.65    8  0.03
 240  -94.57  -44.00   14  0.02
 241  -90.08   12.59    5  0.02
 242    8.55  -22.65   15  0.08
 243  -61.68  -74.23    6  0.07
 244   -1.27   61.08    2  0.05
 245   60.20  -50.00    5  0.06
 246   85.53   27.30    1  0.08
 247    9.97  -78.34    5  0.01
 248   28.93  -26.94   13  0.08
 249  -74.00  -93.51   10  0.04
 250   60.67   89.97    8  0.01
 251   50.88   52.25    2  0.01
 252  -17.76  -31.80   16  0.06
 253   -5.49  -31.17    3  0.06
 254  -60.48  -31.56    2  0.06
 255  -20.26   -3.00    3  0.07
 256  -34.52   69.43   11  0.06
 257  -44.66   23.76   13  0.09
 258   38.18   55.44    3  0.04
 259   34.91   15.55    2  0.07
 260   83.19   29.86    9  0.09
 261  -22.43  -61.44    3  0.09
 262   39.46   97.71   23  0.08
 263  -25.51    2.76    4  0.03
 264   19.42   52.74   14  0.02
 265  -88.31  -96.55    4  0.05
 266  -21.20  -88.92   12  0.09
 267  -97.24  -98.88   16  0.02
 268   -1.15   87.59   10  0.03
 269   15.42   84.78   17  0.03
 270  -10.44   93.68    4  0.01
 271  -85.29    0.07    1  0.07
 272  -46.96   78.41   20  0.08
 273   76.40  -39.64   15  0.02
 274   12.98   99.04    9  0.09
 275   -6.21   86.64   25  0.07
 276   19.29   65.47   23  0.08
 277   45.83   26.73   25  0.04
 278  -86.15  -88.76   23  0.02
 279   77.21   60.21   12  0.08
 280   25.04    7.86   10  0.06
 281   19.23   70.94    4  0.08
 282   34.10   26.79   23  0.05
 283   78.85  -84.97   24  0.03
 284  -26.45  -82.70   10  0.06
 285  -23.96  -31.60    9  0.06
 286  -58.55  -69.06   18  0.02
 287   -7.96   10.23    9  0.08
 288   -5.57   80.70   22  0.08
 289   14.49   96.24   14  0.07
 290   14.65   93.75    4  0.07
 291   92.56  -27.84   23  0.05
 292   46.83   29.55   10  0.07
 293   33.80   60.54    8  0.04
 294  -19.19  -33.46    1  0.05
 295  -84.11   36.12    8  0.02
 296   57.40   75.59   14  0.04
 297  -30.94  -99.42    9  0.03
 298    0.66  -90.65    4  0.04
 299  -62.40  -93.73   15  0.04
 300  -88.98  -62.14    3  0.02
 301  -60.79   42.20    4  0.07
 302  -85.66   11.27    1  0.08
 303   61.79   32.76   21  0.04
 304  -23.44   91.42   16  0.05
 305  -78.30   36.16    6  0.07
 306  -84.95   30.57    6  0.09
 307   37.18  -41.40    1  0.03
 308   64.60   78.95   14  0.08
 309   73.91   68.70   24  0.07
 310   94.90    7.79   12  0.02
 311  -15.73   14.51    1  0.07
 312  -38.72   -2.73    9  0.06
 313  -39.37   84.67    9  0.08
 314  -16.46   47.86    4  0.08
 315   -7.25  -21.74   13  0.08
 316   11.38  -96.28    7  0.02
 317  -27.05    5.91    6  0.02
 318   78.16  -77.80    1  0.04
