115553.55

0 0     615.00  15374.90  17  0.31  7.69  8.00  0 2 1 6 2 3 3 2 4 1 5 3 
0 0     612.24  15305.91  85  0.32  7.65  7.97  6 18 7 1 8 1 9 17 10 16 11 17 12 15 
0 0     606.31  15157.85  82  0.39  7.58  7.97  13 9 14 4 15 5 16 4 17 5 18 23 19 7 20 25 
0 0     616.18  15404.47  32  0.21  7.70  7.91  21 8 22 12 23 4 24 8 
0 1     752.37   7523.66  50  0.21  6.84  7.05  25 12 26 25 27 7 28 6 
0 1     741.23   7412.25  33  0.31  6.74  7.05  29 11 30 8 31 5 32 5 33 2 34 2 
1 0     589.27  14731.83 106  0.44  7.37  7.81  35 21 36 11 37 11 38 18 39 21 40 7 41 5 42 12 
1 0     613.21  15330.20  61  0.33  7.67  8.00  43 7 44 4 45 3 46 22 47 10 48 15 
1 0     372.50   9312.49  30  0.21  4.66  4.87  49 8 50 19 51 1 52 1 53 1 
1 1       0.00      0.00   0  0.00  0.00  0.00  
