3 4 153

   0   200     8    80    25
   1    50     8   110    10
   2    25     4    45     5

   0   68.30  -15.77  267    0    3    3
   1  -82.85  -45.63  500    2    4    2
   2  -78.44   87.15  320    3    1    0
   3  -24.59  -69.02  688    4    4    4

   0   32.90   19.05   22  0.08
   1   -8.29  -76.55   14  0.01
   2  -46.26  -98.02   10  0.08
   3   78.66  -34.95    2  0.01
   4  -53.63   68.37    1  0.08
   5   60.93   18.70    1  0.04
   6  -98.53  -76.52   10  0.04
   7   -6.11   90.08   20  0.05
   8  -20.64  -66.01    3  0.04
   9  -71.79  -82.83   16  0.06
  10  -96.80  -72.58    1  0.07
  11   13.05   47.95   11  0.03
  12   79.21  -27.82   25  0.03
  13   70.13  -16.11   11  0.03
  14   27.96  -40.72    2  0.09
  15  -64.29  -92.93    1  0.06
  16   13.46   29.41    8  0.04
  17   37.84   -6.34    2  0.03
  18   75.29  -29.32    7  0.03
  19   33.85  -16.27   18  0.01
  20   68.70  -57.36    6  0.01
  21   41.86  -18.21    1  0.07
  22    3.85   18.06   11  0.06
  23   22.91    3.73   12  0.03
  24   71.37  -13.01    1  0.02
  25   60.97  -17.01    1  0.08
  26  -95.02   64.22   22  0.04
  27  -49.37  -34.58   21  0.02
  28  -91.40   21.19    1  0.03
  29  -66.58   40.23   17  0.01
  30  -94.71   71.26    7  0.03
  31  -64.29   57.24   24  0.02
  32  -20.24   29.89   20  0.02
  33   88.44   12.59   17  0.02
  34  -28.75   57.89   18  0.09
  35   85.04   15.99   12  0.03
  36   -8.47    6.61   17  0.04
  37  -47.50  -27.44   22  0.03
  38  -64.22  -24.38    3  0.02
  39  -74.37   68.96    5  0.04
  40  -54.72  -83.97   16  0.07
  41   46.87   40.89    1  0.09
  42   90.79  -43.58   12  0.06
  43   39.41  -41.99   11  0.09
  44   12.22  -37.64    5  0.02
  45   -7.17   97.47   12  0.04
  46   18.86   49.42   20  0.07
  47   -2.27   -2.84   13  0.06
  48   61.99   10.77    3  0.06
  49  -29.35   -8.39    1  0.01
  50   15.84   92.65    1  0.04
  51   65.82   10.68   15  0.01
  52  -19.10  -17.11    9  0.01
  53  -99.97   18.07   18  0.01
  54  -76.88   69.68    3  0.08
  55  -42.55  -19.25    2  0.05
  56  -71.37   56.69    2  0.07
  57  -89.92   -8.69    1  0.06
  58   38.97  -42.66   23  0.01
  59  -61.20  -71.81   20  0.07
  60   -8.84   95.25    3  0.09
  61  -72.45  -46.56    4  0.06
  62  -78.73   -2.06    7  0.01
  63  -61.93  -83.40   18  0.01
  64  -19.39  -62.82   11  0.08
  65  -53.93  -95.47    2  0.08
  66  -71.09  -67.27   11  0.04
  67  -51.66  -96.28   13  0.01
  68  -24.80   19.80   23  0.02
  69  -72.03  -84.27   21  0.03
  70  -93.21   74.11   13  0.09
  71  -71.28   94.56    7  0.04
  72  -75.09   91.22    5  0.07
  73   80.61   33.77   12  0.09
  74  -77.99  -95.86   23  0.01
  75   -8.91  -71.50   18  0.07
  76  -26.12  -56.59    5  0.05
  77  -50.37    8.88    6  0.01
  78  -59.96  -20.37   13  0.09
  79   81.82  -33.69    3  0.05
  80  -50.50   56.28   18  0.07
  81  -46.45   16.31    6  0.01
  82  -12.09   52.88   25  0.07
  83  -91.15   96.42    9  0.07
  84   88.36   59.93    9  0.04
  85  -13.58   94.26   25  0.06
  86   94.45   57.62   11  0.09
  87   98.19   47.97    2  0.09
  88   73.44  -89.49    2  0.04
  89  -17.31   49.72    1  0.05
  90  -84.92   -3.14    7  0.05
  91   73.39    8.26    3  0.01
  92    1.61   13.55   21  0.08
  93  -46.03  -60.19   11  0.02
  94   33.70  -51.15   12  0.07
  95  -23.15  -76.52   21  0.07
  96  -22.26  -77.11   23  0.03
  97  -34.56   28.60   15  0.05
  98    9.64   36.94    5  0.09
  99   22.44  -85.59   19  0.01
 100   33.42  -90.96   12  0.04
 101  -65.15   32.24    8  0.02
 102  -81.94   42.82   18  0.09
 103  -64.78    7.34    4  0.05
 104    9.16  -75.13    9  0.05
 105   20.13   53.49    9  0.03
 106   62.13  -81.22    9  0.06
 107   18.84   18.05   20  0.01
 108  -61.06  -60.78   12  0.01
 109   -3.67  -69.36    1  0.04
 110   -9.90  -72.76   12  0.08
 111   -0.97    0.48   15  0.05
 112   63.46  -16.90   20  0.05
 113   82.47  -68.12   13  0.08
 114   37.13  -79.80    3  0.05
 115   98.84  -28.16    7  0.08
 116   39.65  -37.64   19  0.04
 117   93.30  -48.46   17  0.05
 118  -70.08  -97.59   12  0.01
 119   99.89  -14.20   18  0.07
 120  -56.64   23.91    1  0.05
 121   92.14   68.11    7  0.05
 122  -88.03  -54.56    9  0.06
 123  -63.78  -68.89    3  0.01
 124   85.96  -47.18    1  0.06
 125  -92.66   25.33   11  0.09
 126  -53.88   96.19    6  0.02
 127   30.07  -81.99    4  0.05
 128   -7.24   37.99   21  0.07
 129  -10.88  -28.87    3  0.08
 130   -5.71  -58.05    3  0.07
 131   53.53   11.30   23  0.03
 132   59.97  -38.81    2  0.07
 133  -90.59   96.34   22  0.03
 134   -6.95   88.83    1  0.05
 135  -34.51  -54.89    1  0.04
 136   11.90  -55.23    1  0.05
 137   47.21  -56.40   22  0.07
 138   17.21    5.44    7  0.09
 139   64.77  -88.21   17  0.09
 140   95.29  -82.26    4  0.09
 141  -98.36  -25.05   17  0.04
 142  -89.73  -31.57    3  0.06
 143  -44.50  -63.95    2  0.03
 144  -97.86  -46.67   21  0.07
 145  -98.43  -67.41    2  0.03
 146  -72.53  -66.06    2  0.02
 147    5.83  -98.91   11  0.03
 148   26.88  -35.89    7  0.06
 149  -14.55  -61.24    4  0.06
 150  -35.42  -93.05   21  0.09
 151  -47.62  -60.05    2  0.08
 152  -86.32  -84.48    2  0.02
