2 1 18

   0   200     8    80    25
   1    50     8   110    10

   0    5.23   66.92  174    5    1

   0   43.43    6.80    2  0.02
   1  -76.23  -93.84   14  0.07
   2  -28.81  -23.06    3  0.06
   3   60.95  -90.24    2  0.09
   4   18.12  -51.54   16  0.01
   5    7.31   31.05    3  0.07
   6    8.61   27.24   21  0.02
   7   -1.64   61.97   19  0.01
   8   53.01  -62.34    1  0.03
   9  -41.45   61.98   12  0.05
  10   -6.08   29.76   16  0.06
  11    4.48   39.30   17  0.03
  12  -48.46   35.59   16  0.07
  13    4.62   51.63   25  0.05
  14   69.14   73.92    1  0.02
  15   -0.79   15.51    1  0.09
  16   44.52    2.75    2  0.06
  17    9.59   51.30    3  0.09
